Microsatellite data set - Chan et al. 2020. PLoS One
sa5220
sa5229
sa6002
sa6012
sar80
sar84
sarms0001
sarms0344
sarms0473
sarms0506
sarms0739
sarms0830
sarms2770
sarms3213
sarms3490
sarms3645
sarms4015
sarms4354
sarms4545
sarms4547
sarms5185
sarms5711
sarms5839
sarms5968
sarms6064
sarms6346
sarms7111
pop
DJL286	,	109112	233233	121129	146146	362398	117123	207207	251251	165171	000000	165165	165165	000000	418418	197197	000000	000000	161161	239239	399399	231231	400416	331339	275281	000000	374374	427427
DJL297	,	109109	201225	121129	134140	350358	117117	199199	242242	169169	206206	165165	165165	188188	400400	185200	406438	454470	161161	239239	391403	240240	376400	315323	278281	250250	374390	411427
DL924	,	109112	185185	121129	146152	000000	117117	207207	242245	165169	206206	000000	165165	188188	000000	185197	394394	000000	161161	239239	000000	231234	000000	327359	000000	250250	390390	000000
DL925	,	109112	221241	121121	142144	374382	117117	199207	251251	163165	206206	173177	165165	188188	421421	197197	398402	454486	161161	239239	391403	231231	412424	323335	275275	250250	382402	419431
ESP9057	,	109109	221225	121121	136136	378378	117117	207207	242242	169169	206206	165165	165165	188188	404408	185200	386406	458462	161161	239239	399407	231240	396412	307335	278281	250250	370382	407431
ESP9070	,	109112	205229	121121	140144	374374	117117	199207	242251	165171	206206	165165	165165	188188	408408	197197	390394	438458	161161	239239	403415	231231	396396	327339	278278	250250	378390	419427
ESP9479	,	109109	229237	121121	144146	350354	117135	207207	251251	169169	206206	165177	165165	188188	400404	197200	386410	442450	161161	239239	391399	231231	376396	343347	284284	250250	378398	419435
ESP9480	,	109109	201229	121121	128134	353354	117135	207207	242251	169169	206206	165165	165165	187188	404408	197197	382402	446454	161161	000000	399403	231240	408412	307335	281284	250250	370382	427431
ESP9485	,	109112	225233	121121	128138	350353	117135	207207	251251	163169	206206	165175	165165	188188	400400	197197	398402	446450	161161	239239	399399	231237	392408	311343	278281	250250	390390	427427
ESP9486	,	109112	225245	117129	140140	350382	117131	207207	242242	161169	206206	165165	165165	188188	396412	197197	398398	446454	161161	239239	395399	231231	372416	323327	278278	250250	378402	411419
ESP9606	,	109109	205233	121129	140146	353398	123123	207207	242251	165171	206206	165167	165165	188188	404430	197197	386406	446462	161161	239239	399419	234237	392396	331339	275281	250250	390390	411423
MTH532	,	109112	229233	121121	140140	378378	117135	199201	242242	163169	206206	165165	165165	188188	404404	185200	406406	446462	161161	239239	391415	231240	392412	327331	278281	250250	394394	399419
MTH534	,	109109	213229	121121	134138	353374	117135	207207	242245	169169	206206	165175	165165	188188	408408	197197	398410	434458	161161	239239	395407	231240	408432	331339	266278	250250	000000	391431
MTH571	,	109112	225233	121133	134152	354394	117117	207207	242251	165169	206206	165165	165165	188188	396396	197197	390394	446462	161161	239239	403411	234237	392416	339343	278287	250250	394398	407419
SAR021	,	109112	221237	121129	124136	357378	117117	203207	242242	163165	206206	165173	165165	188188	396439	197197	394398	454458	161161	239239	395403	231240	380404	315347	275281	250250	382394	407431
SAR023	,	109112	229245	121129	138138	378378	117123	207207	242242	165169	206206	165167	165165	188188	408434	197197	394398	446474	161161	239239	399399	231231	380392	331335	275278	250250	394398	411431
SAR024	,	109112	229233	121121	142144	378382	117129	207207	242251	165165	206206	165167	165165	188188	400439	197197	390418	442474	161161	239239	395395	231231	384384	331331	284284	250250	382382	423431
SAR027	,	109109	205225	121121	140144	361374	117117	207207	242242	165165	206206	165173	165165	188188	430430	197197	394394	454470	161161	239239	399403	237240	392400	339343	281284	250250	370370	391411
SAR028	,	109109	225225	121129	136140	365374	117117	207207	242242	163165	206206	165167	165165	188188	392426	185197	398398	442450	161161	239239	399403	240240	396400	335335	278290	250250	378378	431443
SAR030	,	109112	205233	121121	128140	350378	117117	199203	242242	165169	206206	165165	165165	188188	400404	185197	382394	438454	161161	239239	395403	231237	404424	327335	284284	250250	374382	411427
SAR361	,	112112	225229	117121	144144	353378	117117	199207	242242	163165	206206	165173	165165	188188	422430	200200	402406	434458	161161	239239	395415	234237	384408	331335	281287	250250	390394	399415
TCWC93505	,	109109	213241	117121	140142	354374	117117	199207	242251	151169	206206	165167	165165	188188	408418	197197	390405	442446	161161	239239	395395	231237	380408	315339	272287	250250	390394	407427
pop
ESP9557	,	112112	229237	129129	140146	374386	117117	207207	251251	169169	206206	165165	165165	188188	396400	197197	394406	466482	161161	239239	399403	240240	380416	323355	275275	250250	000000	419427
SAR224	,	109112	225241	129129	140140	378386	117117	207207	245251	169169	206206	165165	165165	188188	416421	194197	390398	450470	161161	239239	395407	237237	384396	335347	278278	250250	000000	419419
SAR226	,	109109	225233	129129	138138	374374	117117	207207	245251	165169	206206	165165	165165	188188	396421	185197	390398	466478	161161	239239	395399	231240	384412	327343	278284	250250	000000	415419
SAR227	,	109112	225229	129129	122138	378386	117117	207207	245251	169169	206206	165165	165165	188188	404421	197197	390414	466470	161161	239239	395399	231237	396412	343343	284284	250250	000000	415419
SAR229	,	109109	229237	129129	138138	378378	117129	207207	245251	165169	206206	165165	165165	188188	400416	197197	398414	450450	161161	239239	395411	237237	380396	327351	275278	250250	398398	415419
TCWC10432	,	112112	225241	129129	138138	382382	117117	207207	251251	169169	206206	165165	165165	188188	392400	197197	422426	466466	161161	239239	403403	237237	384384	343343	278278	250250	398398	000000
TCWC10433	,	109112	217233	129129	144144	374374	117117	203207	251251	169169	206206	165165	165165	188188	396400	197197	422426	000000	161161	239239	395411	237237	408420	327339	278278	250250	386390	000000
TCWC10439	,	109112	229237	129129	138148	370374	117117	207207	245251	165169	206206	165165	165165	188188	400400	197197	402422	454474	161161	239239	407411	237240	372404	335339	275278	250250	394394	415415
TCWC10440	,	109109	225229	129129	138148	374374	117117	203207	245254	169169	206206	165165	165165	188188	396400	197197	390406	450482	161161	239239	399399	231237	404408	335335	275278	250256	386386	415419
TCWC10442	,	109109	217221	121133	130138	350357	135141	207211	242242	169169	206206	165167	165165	188188	418422	197197	382406	454462	161161	239239	387395	231234	388424	331339	275284	250250	374374	423435
pop
ESP9064	,	109112	209225	121121	128152	361394	133141	199207	251251	161169	206206	165165	165165	188188	430430	197200	394394	442462	161161	239239	399430	231234	356400	323331	281284	250259	382386	399407
ESP9325	,	109112	225225	121121	140148	354378	129131	199207	251251	161165	206206	163165	165165	188188	000000	197197	377398	450450	161161	239239	383403	231237	392396	327335	278284	250250	374378	407427
ESP9642	,	109109	213225	121121	128128	354354	117141	209211	242251	161165	206206	165165	165165	190190	426426	182197	381390	430442	161161	239239	387391	234237	364400	323327	272281	250250	378394	415427
ESP9643	,	109109	237249	117121	128148	353354	133135	199209	242242	161169	206206	165165	165165	188188	426426	197197	402406	442454	161161	239239	387391	237240	348348	327339	284284	250250	378378	407411
MTH468	,	112112	185241	117121	138138	350350	129129	207207	242251	165165	206206	165167	165165	188188	000000	182197	381402	430434	161161	239239	391403	231240	392392	319319	281284	250250	374374	407415
MTH469	,	109109	221221	121121	130130	370406	117117	203207	248248	161169	206206	165165	165165	188188	396396	197197	398402	430430	161161	239242	391399	231237	372396	307335	269281	250250	382382	419427
MTH470	,	112112	213225	121129	128128	353370	123145	207207	242242	169169	206206	165165	165165	188188	418418	182197	398426	434454	159161	239239	399399	231237	376392	311335	278281	250250	374374	387427
MTH472	,	109112	217225	121121	128142	350378	145145	199203	239251	169171	206206	165165	165165	188188	414414	197197	386422	454454	161161	239239	399426	231237	392396	311339	281281	250256	378390	423431
MTH473	,	109112	229233	121121	140140	350378	133135	199215	242257	165165	206206	165177	165167	190190	000000	182197	394426	450458	161161	239239	391391	231234	400408	327335	278281	250250	374374	387407
MTH474	,	112112	225229	121121	128144	350373	135135	207207	242251	169173	206206	167177	165165	188188	400404	197197	390402	450454	159161	239239	395395	234234	384412	319331	281284	250250	380380	387427
MTH475	,	112112	217225	121121	128144	350370	123145	209211	248251	165169	206206	165167	165173	188188	404404	185197	390414	430450	159161	239239	399411	234237	360400	327331	272287	250250	378378	407423
MTH477	,	109112	201233	117121	128138	357378	123133	203207	242251	161169	206206	165167	165165	188188	392392	197197	386414	442466	159161	239239	399407	231231	388400	311335	278284	250250	374382	415415
MTH478	,	109109	229233	117121	128138	350374	117145	207207	242251	165169	206206	165167	165167	188190	418418	197197	371394	422442	161161	000000	395403	237243	372400	323327	284290	250250	366370	387423
MTH489	,	109109	213229	117121	128134	350370	135145	207209	242248	169169	206206	165167	165165	188188	000000	197200	390426	426426	161161	239239	391391	231231	372396	331335	272278	250250	378382	419423
MTH490	,	112112	205225	121133	124140	361390	117117	199203	242251	161165	206206	165167	165165	188190	396396	197197	390402	454454	161161	239242	395399	231231	376376	323327	284284	250250	386386	000000
MTH491	,	109112	201221	121121	132140	358394	145145	199207	242251	159169	000000	165165	165165	000000	430430	194197	000000	000000	000000	239242	391391	231237	396412	327331	275275	000000	378378	407423
MTH492	,	109109	205221	121121	128134	361370	123135	207211	257257	161171	206206	165167	165165	188188	400400	197197	389402	442454	161161	239239	395395	231234	376412	307347	281290	250256	378378	407415
SAR002	,	109112	209233	121121	128138	402402	129145	199203	242257	165173	206206	163167	165165	188190	426426	194197	389416	434450	161161	239239	395426	234237	376412	327331	275278	250250	382382	407411
SAR003	,	109109	217237	121121	128138	370374	117145	207207	242242	165171	206206	167167	165165	188188	426426	197197	377385	450458	161161	239239	391395	234234	400404	323331	278287	250250	374382	411427
SAR004	,	112112	233241	121129	130130	394398	117117	203211	242248	165165	206206	165167	165173	188188	000000	194197	393398	442454	161161	239239	399399	231234	364364	335335	284284	250259	386390	423423
SAR019	,	109112	249249	121121	128148	354354	117117	207207	242251	161161	206206	165165	165165	188188	000000	182182	390390	430458	161161	239239	387387	237237	364392	335339	278281	250250	000000	399427
SAR050	,	109112	221249	121121	128128	354370	117133	207211	251251	161169	206206	165165	165165	188188	000000	197197	381414	438442	161161	239239	387395	231237	392396	315339	272281	250250	374378	411415
SAR054	,	109109	249249	117121	128128	370394	117135	207207	251251	161161	206206	165165	165165	188188	414414	182182	381381	458458	161161	239239	387387	237240	348364	315347	278281	250250	000000	407407
SAR200	,	109112	185185	121121	130130	357366	117117	199207	242257	169171	206206	165167	165165	188188	414414	197197	390402	442478	161161	239239	395395	231237	396408	327335	275284	250250	382382	387407
SAR218	,	109112	221229	117121	144144	350398	135135	207215	242260	165169	206206	165165	165165	188188	422422	197197	389402	434442	161161	239239	387415	231237	348376	323327	284290	250250	374382	415435
SAR307	,	109109	221237	121129	128134	353357	117141	199207	242257	165165	206206	165165	165165	188188	404426	182182	394414	446454	161161	239239	395411	231234	392392	323327	272290	250250	370382	407419
SCAR008	,	109112	185221	121121	140140	350398	129141	199203	242251	161169	206206	165167	165165	188188	403403	182197	377390	442450	161161	239239	403403	231231	388400	335335	278284	250250	000000	407407
SCAR009	,	109112	201229	121121	128140	357358	117133	211211	242251	161169	206206	167177	165165	188188	426426	182197	378394	434442	161161	239242	403403	237237	368396	319331	281284	250259	366386	411431
SCAR010.1	,	109112	233241	121121	128130	000000	131135	207209	242242	169171	206206	165187	165165	188188	396404	197197	390402	446462	159161	239239	387399	231231	388400	319331	272284	250250	378386	407443
SCAR010.2	,	112112	221225	117121	130138	000000	123129	207207	248257	161161	206206	165167	165165	188188	000000	197197	390394	434450	161161	239239	387403	231237	384408	327331	284284	250250	366374	407407
SCAR011	,	109109	201229	121121	128144	378398	117133	207207	242242	169169	206206	173187	165165	188188	396426	182197	386406	450470	161161	239239	403407	237243	388400	319327	281287	250250	386386	411415
SCAR012	,	109112	185233	117121	140146	353394	133145	207207	242257	165169	206206	165165	165165	188188	426426	182182	389416	442470	161161	239239	371399	231237	380420	319335	284309	250250	390390	403415
SCAR013	,	109109	205209	117121	138142	394398	117123	207209	248251	169171	206206	167167	165165	188188	000000	197200	386402	450458	161161	239239	395403	237237	348396	331343	275284	250250	378378	407407
SCAR030	,	112112	185221	121131	128132	350358	145145	207207	248251	159161	206206	165165	165173	188188	000000	197197	390394	430454	161161	239239	391395	231231	376412	327331	272275	250250	378378	423423
SCAR031	,	109112	185213	121121	128134	350370	117145	207207	242248	161165	206206	165179	165165	188188	000000	197197	390390	454458	161161	239239	391399	237240	376404	323327	272287	250256	382386	407423
SCAR032	,	109112	201229	121121	128128	349349	131149	207211	242242	165169	206206	165179	165165	188188	000000	197197	398422	450454	161161	239242	387395	231237	380392	331335	275281	250250	374388	411427
SCAR033	,	112112	217237	121129	128134	353357	123129	207207	242242	165169	206206	165179	165165	188188	396396	182200	377394	442442	161161	239239	391395	231237	376392	343343	272278	250250	398398	407415
SCAR034	,	112112	205217	121129	128140	354394	123145	199207	248251	169169	206206	165167	165165	188188	000000	182197	382402	422454	159161	239239	395426	234237	356396	311339	278281	250250	382390	411411
TCWC91497	,	109109	185233	121121	128134	358390	123129	207207	242251	165171	206206	165167	165165	188188	000000	182185	386386	450462	161161	239239	391407	234237	392420	331335	275281	250250	370370	407407
TCWC91500	,	109112	185237	117121	128128	361394	117133	203207	242251	165165	206206	165165	165165	188188	414414	197200	386422	446470	161161	239239	387399	237240	368400	347347	278290	250250	382382	415423
TCWC91501	,	112112	217233	117121	134138	362370	123133	199203	248248	165169	206206	165187	165165	188190	414414	182197	389422	450470	161161	239239	391403	231237	400408	319331	284290	250250	376382	422423
TCWC92573	,	109109	185225	121121	134144	350354	117135	199207	242251	169171	206206	167177	165165	188188	392392	182197	394406	438446	161161	239239	387399	237237	364404	315327	272281	250250	380380	407439
pop
ESP9179	,	109109	221221	121121	138138	350350	133133	199207	242251	169169	206206	165165	165165	188188	422444	197197	390398	450470	161161	000000	391391	231237	408412	327327	272272	250250	370382	415419
ESP9261	,	109109	233237	121121	138138	358358	135135	199207	242242	165165	206206	165165	165165	188188	000000	197197	386394	450450	161161	239239	399399	231231	404404	323323	278281	250250	374390	399399
ESP9264	,	109109	229237	121121	128138	398398	117123	207209	242242	165165	206206	165165	165165	188188	000000	182197	394394	446446	161161	239239	395395	231231	368400	327335	272272	250250	370378	411415
ESP9273	,	109109	229237	121121	138138	394398	133135	207207	242242	165169	206206	165165	165165	188188	395395	197197	386394	438446	161161	239239	395395	231231	392392	327331	272281	250250	370382	423431
ESP9275	,	112112	225229	121121	138138	350350	135139	199199	242242	165165	206206	165167	165165	188188	000000	197197	402406	438442	161161	239239	391391	231237	392400	327327	284284	250250	370374	419419
MTH589	,	109109	233237	121121	128128	394394	117123	209209	242242	169169	206206	165165	165165	188188	000000	182182	394394	454454	161161	239239	395403	231231	400412	319331	272272	250250	374378	411423
pop
ESP9174	,	112112	185245	121131	128142	374378	117117	203207	251257	169177	206206	165167	165165	188188	408408	185197	382426	438470	161161	239239	399407	234243	388400	323327	281287	250256	376378	391419
ESP9186	,	109109	233233	121129	134142	354362	129145	203207	242251	165165	206209	165167	165173	188188	388400	182197	390410	442450	161161	239239	395403	234237	364396	323335	284290	250250	370370	415431
ESP9196	,	109109	213229	121121	144144	358370	117145	203207	242254	165169	197206	165167	165165	190190	388400	182194	382394	446454	161161	239239	399407	231240	368388	319327	278281	250250	366378	399419
ESP9197	,	109112	213229	121129	132142	358370	117135	207207	251251	169169	206206	165165	165165	188188	400418	197197	382394	454462	161161	239239	395407	240243	348396	327331	275278	250250	382382	407415
ESP9208	,	109112	205229	121121	132132	358358	117139	203207	251254	169171	206206	175175	161165	188188	410410	182182	382390	446458	159161	239239	407418	237237	352396	319323	278296	250250	374374	399419
ESP9231	,	109112	205237	117121	124124	374402	117129	207207	242257	165165	206206	165165	165165	188188	418418	182182	398446	430442	161161	239239	403403	234237	360384	307323	287290	250250	378378	407419
ESP9232	,	103112	201233	121121	142146	370402	139141	197207	242243	159169	206206	165167	161165	188188	412412	182182	378410	462462	161161	239239	395395	234237	388400	307327	275281	250250	378378	407411
ESP9279	,	109109	189201	121125	138142	374374	117139	203207	242251	165165	206209	165165	165165	188188	408422	197197	390394	434446	161161	239239	399399	234240	392396	323339	275287	250250	374374	419431
ESP9311	,	109112	233237	121129	140148	370374	143145	199207	242251	161169	206206	165165	165165	188188	408408	182197	390398	446458	161161	239239	387403	231234	380384	319327	272278	250250	378382	403411
ESP9417	,	109112	193209	129129	142148	366370	117117	203207	242251	165169	206206	165175	173173	188190	400430	194197	382386	462466	161161	239242	395407	231240	392392	319327	275278	250250	386394	407423
MTH270	,	109109	201221	121129	128128	366366	117117	197207	242257	165171	206206	165165	165173	188188	418418	182197	378382	450466	161161	239239	399403	237237	372376	327327	275281	250259	382382	407419
MTH275	,	109112	225241	121123	128140	353366	133139	199207	242257	169169	206209	165165	161165	188188	400418	182197	378394	442450	161161	239239	391434	231237	388396	307323	272272	250250	382382	439443
MTH276	,	109112	213229	121133	128140	362362	117129	199203	257257	169169	206206	165165	165173	188190	396400	182185	390406	450466	161161	239239	395395	231240	388424	327339	278281	250250	394394	411427
NM1201	,	109112	213225	121121	136142	370378	117139	207207	251251	169169	206206	165165	165165	188188	404408	197197	382386	454454	161161	239239	391395	234237	384392	335335	275284	250250	374374	419423
NM1204	,	109109	185193	117121	130140	374382	117117	207207	248251	161165	206206	165165	165165	188188	400400	197197	390402	438446	161161	239242	403415	240243	396400	327335	269284	250250	000000	407419
NM1206	,	112112	221225	117133	146146	354358	139149	199207	251257	169179	206206	165165	173173	188188	400400	182197	398418	462462	161161	233239	383426	231231	376400	327339	287290	250250	382382	415419
NM1207	,	109112	209221	121123	132146	354370	117145	203207	242248	169169	206206	165165	165165	188188	400400	182182	381386	458470	159161	239239	395403	234237	376404	327327	272284	250250	378378	411415
NM1208	,	109109	201237	117129	130140	358378	135137	203207	248251	169179	206206	165175	165173	188188	400400	197197	386394	466474	161161	239239	395403	231234	368396	315323	281284	250250	382390	419431
NM1209	,	109109	233245	117133	136150	354366	117117	199203	251257	169171	206206	165167	165165	188190	404404	182197	386390	438458	161161	239239	383387	237240	368388	327335	269272	250250	370380	419443
TCWC10491	,	109112	201205	121123	138140	374406	117139	207207	242251	169173	206209	165165	165165	188188	418418	000000	394406	442450	161161	239239	403407	237237	392392	315327	275299	250250	378394	407419
pop
LMC1007	,	103112	189245	117121	134138	354374	117139	203215	239242	165169	203203	165165	165165	188190	400408	194197	386390	434446	161161	239239	391407	231231	372372	323339	272284	250250	390390	423431
ESP9137	,	109112	185233	125125	138142	362370	117135	207207	260260	161167	000000	155155	165165	000000	408422	197197	000000	000000	000000	239239	391391	231237	364376	339343	272287	000000	382402	379407
ESP9143	,	109112	193221	121125	138142	362374	139145	207215	242260	165169	206209	165165	165165	188191	392393	182194	394394	426454	161161	239239	395407	237237	380400	331343	272281	250253	376392	379427
TCWC94831	,	109112	217221	121121	120140	357362	117137	215221	242260	163169	203206	155165	165167	188188	396408	194197	390390	430446	161161	239239	395403	237240	380380	327327	272278	253256	366384	403418
LAF10486	,	103112	193209	121121	134134	362366	117117	197207	242254	161169	206209	155165	165167	188190	422422	191197	385406	446458	159161	239239	395403	231240	380380	331339	272275	250256	366384	399407
LAF10487	,	103112	209217	125125	134140	362362	117145	207215	239239	161161	206209	165165	165165	188188	396422	182194	394422	426438	159161	239239	383391	231234	400400	327335	269287	253253	384386	379379
NMG0779	,	109109	193197	125125	128144	358362	117133	215219	242242	159163	203209	173185	165165	188188	406408	182197	381382	450454	159161	239239	391403	231231	360404	327331	275278	247250	376384	399407
NMG0901	,	109112	193221	121125	140142	362370	117117	197217	242242	159169	206209	155187	165165	188188	400410	191194	366426	430430	161161	239239	395403	231231	384392	323335	275275	247256	384392	378403
NMG0361	,	112112	185193	121125	132140	358366	117129	217219	239242	161161	206206	173185	165165	188191	396404	194197	389398	434454	161163	239239	395395	231231	384404	323335	275275	253253	384388	378403
NMG0426	,	109112	193221	117125	134140	362370	133137	217217	239242	169169	203206	155185	165165	188188	396400	194194	382430	426442	159161	239239	399399	231231	392404	323335	275275	253253	378388	403403
NMG0902	,	103112	193221	125125	120144	362370	117133	197197	239242	163169	209209	155173	165165	188191	400418	194194	390426	434446	159161	239239	391395	237237	364400	323331	272275	250253	376388	407411
NMG0903	,	112112	193193	125125	120120	362366	117117	197221	239242	161161	203209	165173	165165	188191	400408	194194	398398	438446	161161	239239	395395	231231	360400	323323	272272	253253	384388	399415
NMG0904	,	109112	193217	125125	132136	366366	133135	197215	239242	163163	203206	155185	165167	188188	400408	194197	398422	442454	161161	239239	395399	231231	364384	331339	275275	250253	372372	407407
DJL868	,	103109	197197	121125	144144	358366	117135	197215	242242	167167	203209	155185	165165	188188	396418	191194	374386	418430	161161	000000	395399	240240	384384	331339	263272	253253	380380	379379
DJL869	,	103109	217221	121121	134146	362374	117117	197217	242242	167169	206206	185185	165165	188188	407410	194197	385389	422422	161161	239239	391430	234240	388400	327331	266272	253256	372384	399399
DJL870	,	112112	193201	121121	134140	362366	117135	197219	242242	167169	206206	185187	165165	182190	404404	194197	385393	430446	159159	239239	391426	231231	400404	323323	269272	253253	388389	379411
DJL872	,	109112	193197	117121	134144	366370	117135	207215	242242	161167	206206	185185	165165	188188	400404	194194	397397	426450	161161	239239	391395	231231	380396	335346	275275	253271	380384	379379
DJL878	,	109109	217217	117121	136146	362370	117117	197197	239242	157167	209209	185185	165167	188188	400404	000000	381430	430458	161161	239239	383395	231231	388404	326327	266266	256256	378384	379379
DL902	,	109112	185197	125125	120134	370378	117129	199215	239242	163169	206209	169185	165165	188188	400400	194194	402414	426430	161161	239242	399399	231231	384384	327327	272275	250250	388396	407407
DL912	,	106106	193217	121125	134134	370370	117137	215215	239242	161169	203203	185187	165167	191191	404412	197197	397426	418446	159159	239239	391399	231240	392392	315323	275281	253253	384386	379395
DL914	,	109109	217229	117117	132140	366370	117117	197215	242242	161167	203209	173173	165165	188190	404406	194197	389405	434442	161163	239239	395434	231231	372400	319331	275284	253256	378390	399423
DL915	,	109109	197221	121125	138140	370370	117135	197215	239239	159167	203206	155177	165165	188191	408410	194197	366386	430434	161161	239239	399403	231231	380392	319319	275287	256256	392404	379423
ESP9085	,	106109	185185	117121	132140	362370	117117	229231	239239	167169	206209	155155	165165	188188	396418	191194	385410	430434	161161	239239	391399	234240	376412	323335	272272	253256	388392	379423
ESP9092	,	109112	193229	121125	132132	358362	129133	215215	239242	161163	203206	173185	165165	188191	388392	194194	405430	418418	161161	236236	403434	231240	372396	323327	269272	256256	364380	379411
ESP9101	,	103109	193221	121121	136140	362370	117135	215219	242242	159169	206206	155185	165167	188191	392404	191197	414418	426450	159161	239239	375391	238240	396396	315339	275284	253253	374376	423423
ESP9104	,	103112	193197	117125	132132	362370	117129	215221	239242	161163	203206	155155	165165	190191	396400	191194	366393	426446	161161	239239	395403	231243	404408	327331	272278	253256	368380	379407
ESP9111	,	103109	193193	121125	116132	362366	117129	197217	242242	161167	203206	185185	165165	190191	388400	194197	385393	434442	161161	239239	387403	231240	388396	327331	272272	256256	376392	407411
ESP9120	,	103112	193193	121121	134142	370374	117117	197197	239242	169169	209209	185185	165165	188190	396404	194197	397426	426454	159159	239239	395395	231237	392392	315319	275275	247253	384388	379411
ESP9147	,	103112	185193	121125	132148	362366	133135	197215	242242	163169	206209	155173	165165	188191	400404	194194	389390	434442	161161	239239	399434	231231	384396	319355	272278	253253	388392	379403
ESP9149	,	103109	193193	125125	120136	362370	117133	197215	239242	167169	203206	155185	165165	188191	396404	191194	390422	430442	159161	239239	395399	231240	360372	319319	269269	253256	370380	379407
ESP9152	,	103112	193193	121125	126132	366366	117135	205219	242242	167169	206206	155185	165165	191191	400404	179191	414414	422442	161161	239239	391422	231231	392396	327327	278278	253256	372396	407411
ESP9326	,	103103	225229	125125	130140	362366	133135	197209	242242	167169	206206	173185	165165	188191	404406	194194	366393	454454	161161	239239	387387	240240	380400	323353	275278	256256	368382	391419
ESP9330	,	109109	185225	121121	134138	366366	117135	217217	242242	159161	206206	173185	165165	188191	392400	194194	397397	426454	161161	239239	403415	237240	384384	327335	269272	256256	370374	383383
ESP9331	,	109112	185221	117121	144144	374374	117117	197207	242242	167167	206206	177185	165165	188190	396407	188194	390409	434446	161161	239239	411430	240240	360384	315334	269272	253256	388388	419419
ESP9340	,	109109	197225	125125	132142	362366	135135	197215	242242	159159	206209	185185	165165	188190	404414	194194	397398	434442	161161	239239	426426	231240	392408	319367	272281	244256	401408	391403
ESP9349	,	109109	217221	121125	134140	358370	117129	197197	242242	169169	203209	155179	165167	188188	396403	191194	385397	442446	161161	239239	387395	231240	388404	331335	272278	253253	364388	379427
ESP9350	,	109109	185185	117121	144148	366378	117117	213213	242242	159169	206209	173187	165165	182188	396411	197197	389393	426442	159161	239239	395395	231234	392396	326335	266269	256256	388400	379407
ESP9351	,	109109	185225	121121	134144	362366	135135	197215	242242	161167	206209	185185	165165	188191	388399	191191	382389	434438	159161	239239	391391	231234	380380	327327	275275	253253	381388	411411
ESP9357	,	112112	205217	121125	140140	362370	117117	197197	239239	163169	203203	155155	165167	188188	400407	194194	397397	434434	161161	239239	371399	240240	388404	335339	272272	253256	376392	379415
ESP9438	,	103112	193193	125125	132138	362370	117117	215215	242242	161169	203206	155181	165165	188188	396422	194197	389426	442454	159161	239239	395422	231231	380384	339351	272275	253256	372380	379407
ESP9451	,	103109	197233	117121	134138	354362	117117	215219	239239	169169	203209	155173	165165	188191	407407	194194	390394	418450	161161	239239	395395	237237	384388	327338	272272	253253	364380	379415
ESP9601	,	103112	217237	117125	132140	362370	000000	197197	242242	169169	209209	181185	165165	188188	400408	194194	389393	426442	159161	239239	395399	234240	372388	319339	272275	253265	392392	379403
ESP9616	,	103112	193241	125125	130132	370370	117117	217217	242242	157167	206206	185185	165165	188188	396408	194194	385393	422430	161161	239239	395399	231231	388400	323327	272284	253256	392392	411431
ESP9620	,	109112	197213	121121	138140	362370	117117	197209	242242	159169	206206	185185	165165	188188	396396	194197	381393	442446	159161	239239	391406	231231	368412	323327	272272	253271	384384	379427
ESP9621	,	109112	197197	121121	132134	366366	117117	197207	242242	161169	206206	177185	165165	188190	396412	188197	385401	430442	161161	239239	391395	231240	380384	323359	266272	250274	372376	407423
LMC1001	,	109109	185193	117125	134144	362370	117135	197199	239242	161163	206209	155173	165167	190190	406408	191194	390422	426426	161161	239239	395395	231237	372380	327351	275275	253253	368378	379407
LMC1002	,	103103	193197	125125	132138	370378	117135	197197	242242	163167	206209	155173	165167	190190	388404	191197	366398	438442	159161	239239	430434	231240	380404	315363	275275	256256	384404	395403
LMC1003	,	103109	193225	121125	138154	362362	117117	215215	242242	163167	209209	155185	165167	188190	396404	191194	398406	426434	161161	239239	395422	231240	368376	327367	272275	256256	374384	411423
LMC1004	,	106109	197201	117125	134142	366366	117135	197197	239242	161169	206209	155185	165165	188190	396422	191194	397418	442450	161161	239239	383438	231246	360404	319331	272275	256259	388392	379415
LMC1005	,	109112	193201	117117	132134	362370	117117	197215	239242	167169	203209	155185	165165	188191	404404	194197	398426	446450	159161	239239	395403	231231	380396	319331	275281	253256	372376	379379
LMC1010	,	103106	185193	117121	132132	362370	135135	215215	239242	163169	203209	181185	165165	188191	400430	191191	389414	418434	159161	239239	395422	231231	380396	331355	272278	253256	363372	411411
LMC1011	,	103112	185193	121125	132132	362362	133135	215219	242242	157167	206209	185185	165165	190191	396404	191191	389422	418430	159161	239239	395403	231231	404408	323371	272281	253256	376384	403411
LMC1012	,	103106	209237	125125	130142	362370	117117	197217	242242	161169	206206	185185	165165	188191	396400	194194	389406	438442	161161	239239	395399	240240	372384	323330	272272	253253	392400	379399
SAR204	,	103112	193193	121125	134136	370374	117135	215217	242242	157169	203209	155185	165165	188190	400403	194194	389405	418454	159161	239239	395395	231240	380392	331371	272272	256256	392392	379403
SAR206	,	103112	193197	125125	138140	362366	129133	197199	239242	167167	209209	181185	165165	188190	384392	194197	398413	426430	161161	239239	387391	231243	376388	327330	272275	253253	380392	419423
SAR208	,	109109	185193	117121	132138	366370	117117	199215	242242	161161	203203	155181	165165	188191	416422	194197	382385	442470	161161	239239	403411	231240	396400	319323	272287	256256	384392	399399
SAR210	,	103106	185193	117125	136142	362370	117117	215215	242242	157163	206209	185185	165165	188191	400416	194194	401402	422430	161161	239239	395407	240240	392400	327327	272281	256256	376384	379399
SAR252	,	103112	185193	117121	140144	362366	117135	215215	242242	163167	206209	173185	165165	188190	410418	191191	389394	422454	161161	239239	395395	231234	372404	315331	272278	253253	384396	395399
SAR253	,	103112	185197	125125	132148	362366	117135	215215	242242	163167	203206	173173	165165	188190	404408	179194	402418	422458	161161	239239	395399	231234	384416	335335	269269	253253	378392	379403
SAR254	,	103112	185193	119125	132144	354366	117135	197215	239239	161163	203209	155185	165165	190190	414430	191194	393426	438458	161161	239239	395399	234237	384388	315331	269269	253256	372392	415423
SAR255	,	103109	185221	125125	132138	366374	117135	197199	242242	163169	206206	155155	165165	188188	396408	179191	382389	434450	159161	239239	395434	231231	376412	327327	272275	253256	384392	403419
SAR256	,	103106	185193	121125	132138	362370	135135	197207	239242	161163	206206	173185	165165	190190	414418	191191	430430	418446	161161	239239	387407	231231	388400	319335	269272	250253	384400	411411
SAR348	,	103106	193213	125125	120138	362370	117133	215217	236242	163167	203203	155181	165165	188188	396411	194197	385410	418438	161161	236239	399426	231240	380404	331335	272275	253253	376380	379411
SAR351	,	109109	197197	117125	132136	366366	117117	197215	239242	167167	203206	181187	165165	188191	416418	194197	405422	442446	159161	236239	395399	231231	376384	331335	272272	253256	376384	375411
SAR355	,	106109	185193	121125	134138	366370	117135	199219	239242	161169	206206	155183	165165	188191	388422	194194	401410	422438	159161	239239	391403	231231	392396	335335	269272	253256	384408	403407
SAR356	,	112112	217221	121121	134146	358366	117117	197215	239242	167169	203206	155181	165167	188188	418430	191194	386418	422430	161161	239239	387399	231240	368392	311323	272272	253253	372388	375403
SAR379	,	103106	185185	121125	132136	362366	117117	197217	242242	167169	203203	155185	165165	188188	392396	191191	390422	422438	159161	236239	399403	231234	392424	323331	272272	253253	384400	379427
SAR383	,	109112	193221	117121	130142	362362	117117	197215	242242	161161	206209	173181	165165	188188	392404	188194	389418	434458	161161	239239	395403	240240	372388	303359	269275	256256	376392	407415
TCWC10461	,	109112	193197	117125	132132	362366	117117	197215	242242	159161	203203	155185	165165	190190	396400	194194	393398	434446	159161	239239	383395	231231	368400	323327	275275	253253	378380	395407
TCWC10518	,	106112	185197	121125	132142	370370	117133	215215	239242	163169	206206	165185	165165	188190	400418	179194	382390	426438	161161	239239	399434	231231	376396	331335	275275	253253	392392	379379
TCWC91345	,	109109	225229	121121	134138	366378	117133	197197	242242	169169	206209	173185	165165	188188	404422	194197	377401	430442	161161	239239	395426	231234	368380	323342	272275	253253	384392	399411
TCWC91495	,	109112	225225	125125	130138	362370	133133	213215	242242	161167	206209	173185	165165	188188	396400	188194	389390	446458	161161	239239	391403	240240	376400	323327	269269	256259	378378	391395
TCWC92574	,	109109	193197	117125	132138	354366	135137	197215	242242	161169	206206	173181	165167	188190	388396	191194	385385	434442	159161	239239	391395	231231	388392	323331	272278	253271	370384	399415
TCWC92575	,	109109	185197	121121	134140	362366	135135	197215	239239	169169	206206	183185	165165	188188	392426	194197	389393	434438	159161	236239	375391	231234	372392	315323	272272	253256	370384	387411
TCWC93559	,	103109	185185	125125	134138	362370	117117	199215	239242	161169	203209	155173	165167	188188	396404	194194	405405	414430	161161	236239	395403	231240	372396	323331	275275	256256	374396	379407
TJH787	,	109112	193221	125125	132148	000000	117133	213213	242242	159167	206206	173175	165165	188191	000000	191197	000000	000000	161161	239239	000000	234234	000000	327327	266266	253253	000000	000000
pop
DED046	,	109112	185213	125125	132146	362366	117133	197215	242242	167181	206206	173173	165165	188188	396400	191197	377410	422438	161161	239239	395395	231234	364368	319327	272275	253253	368400	379415
DED049	,	109109	225229	125127	136142	362370	117133	197217	242242	157159	206206	173177	165165	185191	400421	191194	381397	434438	161161	239239	395403	240240	372416	327349	272275	253253	392400	407411
DED051	,	112112	185193	121121	134140	366366	133135	197197	233242	157171	206206	173173	165165	185188	400404	191194	366366	434434	159161	239239	399434	240240	372388	323327	272275	253253	372381	379399
DL916	,	109112	193229	125125	134144	366370	117117	197211	242242	159169	206206	155175	165165	188188	396400	191191	366366	430442	161161	239239	391399	234240	368384	327331	272275	253253	364404	379403
ESP9245	,	112112	193205	125131	134134	362385	117117	217227	242242	169177	206209	173173	165165	188188	392392	191197	366366	430458	159161	239239	391395	234240	380384	331342	275278	253253	388392	379399
ESP9252	,	103112	221229	121121	138142	358366	117117	213215	242242	159177	206206	173177	165167	188191	392410	191194	422422	430430	161161	239239	422426	240240	384384	319361	266266	253253	380384	379383
ESP9258	,	106112	193229	121125	132138	366374	117133	197227	242242	159159	206206	173185	165165	188191	392400	194197	366366	446446	161161	239239	418422	234240	364408	339371	275278	244253	384392	379395
ESP9495	,	103109	193221	117121	138138	358362	135137	197217	239242	157159	206209	171185	165165	188190	392396	194197	389394	426438	161161	236239	422422	231237	388388	315323	272278	253256	377404	379407
SAR259	,	103109	193193	121125	138146	365374	133139	197227	242242	159169	206206	167173	165165	185188	396404	191194	366366	438442	161161	236239	391391	234237	360372	315323	266275	253253	364384	407411
SAR261	,	109112	185193	121125	132140	362385	117133	197229	242242	161169	206206	173177	165165	185188	400400	191191	366389	446462	161161	236239	395407	234240	372380	323327	275275	253253	377381	379431
SAR262	,	109112	185193	117121	140146	000000	117117	000000	242242	167169	206206	173177	165165	188190	396396	197197	366393	470470	161161	239239	403406	231240	000000	323353	275275	244253	000000	000000
SAR264	,	112112	185205	121125	134134	362385	117133	197215	242242	167167	206206	173177	165165	188191	396408	191191	366382	418458	161161	239239	395395	231240	372392	319353	278278	253253	378408	379383
SAR265	,	109109	185205	125125	134134	362362	117117	197217	242242	167167	206206	173173	165165	188191	404407	191194	389430	422426	161161	239239	399399	240240	372408	327331	266272	244256	380404	407427
SAR266	,	112112	185221	121121	134134	362385	117117	197203	242242	161167	206206	173173	165165	188191	392400	194197	366382	458462	161161	239239	395395	231240	372392	319353	278281	253253	378400	379383
SAR381	,	106109	221225	121125	140142	362374	117135	219219	242242	167169	206209	173185	165165	190191	392403	194194	390390	426434	161161	239239	395418	237240	360380	323338	269269	253256	378392	383395
TJH789	,	109112	185217	121125	138144	000000	117117	197197	242242	159167	206206	173173	165165	188188	000000	000000	000000	000000	159161	239239	000000	234240	000000	315327	272275	253256	385388	000000
pop
CSA037	,	109109	185185	130130	132136	366366	117137	197197	242245	161161	206209	155165	165167	185188	396408	197203	378378	430442	161161	239239	383418	231234	388396	361369	269269	244250	362376	387419
CSA041	,	109109	185217	117125	138140	346366	117117	197197	242242	163163	206206	155155	165167	188188	407408	197203	398409	430430	159163	239239	391399	234234	388388	315315	269269	250262	376376	391391
CSA042	,	109109	185185	117121	132136	346350	117135	197197	245251	169169	209209	155165	165169	191191	396400	197200	374386	434462	161161	239239	391395	231231	392392	319327	269278	250250	376376	375415
CSA043	,	109109	185185	117121	132138	366366	117117	197203	242242	161171	206209	165165	165167	188193	396400	200200	371390	430442	161161	239239	391403	231231	376396	319327	269269	250262	372376	387395
CSA059	,	109109	185217	117125	132138	362366	117117	197197	242242	161171	206206	165165	165169	188188	396410	200200	386393	434446	161161	239239	379395	231234	376392	314319	269275	250262	380380	403411
CSA061	,	109109	185185	117125	134138	346366	117117	197197	242242	161161	206206	165165	165167	188188	396396	191200	382393	430438	161161	239239	379391	231234	352408	319331	269272	244268	378384	407419
DL944	,	109109	185185	117125	130134	354366	117133	197197	242242	161169	206209	155165	165167	188190	400400	197200	390401	438438	161161	239239	391413	231234	380392	319369	272281	244250	369369	391415
TJH2963	,	109109	185221	117125	132132	346350	117117	197197	242242	169173	206206	155165	165167	188188	400422	194194	374393	426454	161161	000000	379387	231234	388400	319323	272281	250250	374388	375407
TJH2966	,	109109	221221	125125	132138	346362	117117	197197	242242	163169	206209	165165	165165	188193	396418	197200	390401	430446	159161	239239	395395	231231	388396	327361	269269	244247	374374	391407
TJH2971	,	109109	185225	117125	134136	362362	143143	197203	242242	163181	206206	165171	165167	188188	388410	191203	389401	438438	161163	239239	391395	231231	360392	323365	269269	244268	374374	375407
TJH2975	,	109109	185185	121121	130132	354362	117117	197197	248248	161169	209209	177177	167169	185188	388418	200200	378401	426442	161161	239239	395422	231234	376392	315315	272275	250250	378378	399411
TJH2984	,	109109	225225	117130	132138	378378	117117	197223	242251	169169	206209	165165	165165	188188	396408	194200	382393	430438	161161	239239	383387	231234	376396	315315	269269	250265	374374	407415
TJH2991	,	109109	185185	117125	132136	362366	133135	197197	248251	161169	206206	165177	165165	188188	388396	194203	390397	434450	161161	239239	395418	231234	388396	335365	272281	244250	381388	419419
TJH2993	,	109109	185213	125125	130144	346374	117135	197197	242242	161163	206206	155177	165167	188190	396396	194206	378397	430442	161161	239239	399399	234234	372400	323323	269269	250265	000000	383383
TJH2994	,	109109	217225	125125	128138	346370	117143	197203	242245	161169	206206	155175	165165	188188	392403	194194	378394	426450	159161	239239	383418	234237	400408	319377	272272	265265	369369	375399
TJH3000	,	103109	213221	121125	134140	370378	117143	197213	239248	161169	206206	155155	165167	191193	396400	194200	389401	446454	161161	239239	379418	231231	384396	365373	266269	250274	378378	391403
TJH3007	,	109109	185185	117117	134144	350358	117117	197201	242242	161161	206206	155189	165167	188188	392400	200200	398398	446454	161163	239239	387403	231237	384388	319331	272284	250274	374374	403403
TJH3011	,	103109	185185	121130	130138	346350	133137	197197	242242	161163	206206	165165	165165	188191	388392	197200	374397	430434	161161	239239	399403	231237	360396	327357	269272	247250	378378	395407
TJH3012	,	109109	185185	121125	132136	362366	117117	197197	242245	163173	206206	165165	165165	188191	392426	200200	374397	434434	159161	239239	387403	234234	388388	323327	266269	250250	378388	391407
TJH3019	,	109109	185185	117125	130132	354354	117133	197197	242242	163169	206206	155177	167167	185188	396396	194203	371371	422426	161161	239239	395395	231231	388392	331331	269272	250250	373373	379415
TJH3020	,	109109	217221	125130	136136	362362	117117	197197	242248	161169	206206	165167	165167	191191	388404	194209	378394	426458	159161	239239	379395	231234	380380	323365	269272	244250	377377	391419
TJH3025	,	103109	185185	119121	132132	350362	117133	197203	242242	161169	206209	155155	169169	188191	392404	200209	371371	438458	161163	239239	387387	231234	360392	319323	272272	265271	378385	403419
TJH3030	,	109109	185185	125125	132138	354378	127139	197203	242242	161161	206209	165165	165165	188191	392396	194200	378397	438446	161161	239239	383387	231231	380388	323373	269272	250268	370370	411427
TJH3033	,	109109	185185	121125	130130	350366	117117	197197	242242	163173	206209	155171	165167	185185	392392	197200	393397	426438	161161	239239	399399	231234	388396	323327	269281	244262	369393	403407
TJH3038	,	103109	185185	117117	134142	346362	117137	197203	242248	161161	206206	177189	165165	188191	392392	194200	394406	470470	161161	239239	426430	231234	372384	307381	269275	250268	366389	415415
TX2011252	,	109109	185225	117125	132132	350365	117147	197207	242242	161161	206209	165165	165165	185188	388396	203206	386405	434446	159161	239239	466466	231234	388396	323369	269272	244250	372372	399399
TX2011253	,	109109	217221	117125	132138	346354	117117	197197	242251	163167	206209	165165	165167	188193	396400	194197	374378	426442	159159	239239	387391	231234	388388	319323	281281	250250	379379	403407
pop
DED015	,	103109	217221	117121	122132	361362	117117	203203	242242	161161	206215	173183	165171	190190	388396	194197	389394	426430	161161	239239	383395	234234	376408	323349	269269	250250	378396	395395
DED075	,	103103	221233	121121	132132	358362	117143	201201	242245	159159	209215	165185	165165	190190	395414	194200	389397	434442	159161	239239	391406	231231	376384	345365	272275	250265	380380	391423
TJH2880	,	109112	217241	121121	112136	362369	117139	199199	245245	159159	206209	165175	165165	190190	392395	194200	385389	430430	159161	239239	387399	231231	388388	319327	281281	250250	372380	375399
TJH2918	,	109109	197229	117117	130136	354370	117117	201203	242242	159159	206218	165175	165171	188190	396396	197200	393397	454454	159159	239242	387387	231234	384384	319327	266281	250265	376382	375423
TJH2927	,	103112	217241	121121	130138	365370	137143	203203	245245	159165	206215	185189	165165	190190	392395	194200	385397	434434	161161	239239	385398	231234	376392	319319	281287	250250	370384	399411
TJH2939	,	109112	185233	121121	144144	358365	117117	197207	242245	159159	206206	165177	165165	190190	395410	197200	389393	470470	159161	239242	387391	231231	376376	315330	266278	250250	376384	379419
TX1201	,	103103	197221	121121	112138	354366	117139	197203	242245	163163	206215	183185	165171	190190	395415	194200	393415	430430	159161	239239	395395	231231	372388	319319	269281	250250	363378	371399
TX2011285	,	103103	185233	121123	136140	366378	139143	197205	245245	159159	206206	155165	165165	190190	395395	194197	397397	470470	161161	239242	393395	231231	370376	315345	278278	250250	374380	395395
TX2011286	,	109112	225233	121123	130138	361362	117117	197197	239242	159165	206206	155165	165165	190190	388395	194197	390402	430470	159161	239239	390395	234234	376384	323327	278278	250250	380380	395419
TX2011287	,	109112	221233	121123	140144	354366	117117	197199	242245	159159	206206	165175	165165	188190	395396	197200	397402	422466	159159	239239	387393	231234	348380	319319	278281	250268	355376	375391
pop
DL957	,	109109	197237	121121	122140	366366	139143	199199	242245	165167	206206	165175	165165	190190	000000	200200	397401	000000	161161	239239	387395	234234	352376	315319	269278	250259	363370	000000
DL958	,	109109	185241	121123	112134	000000	117139	197199	242245	165165	206206	155167	165165	188190	000000	197200	000000	000000	159161	239239	000000	231231	000000	315323	278284	250259	364366	000000
TCWC10450	,	112112	225229	121121	138138	342378	133135	203205	248251	165167	212223	181187	165165	188190	400400	191197	386397	422434	161161	239239	395443	227227	344368	319335	269272	250250	380380	387411
TJH2839	,	112112	189213	115125	138138	342366	117139	203205	242242	159165	206215	155155	165167	190190	396396	197200	382390	434442	161163	239239	391399	227234	376392	315323	269281	250250	364374	375391
TJH2840	,	112112	225229	117125	132138	342366	117133	205211	245248	161163	206209	165189	165165	188189	392400	197197	382416	422442	161161	239239	391391	227227	388396	311315	260275	250250	374386	407407
TJH2846	,	112112	197217	125125	144146	362366	131133	197205	245248	161169	209220	155189	165165	188188	396415	200200	374374	430434	161161	239239	395395	231231	348380	331373	260260	250250	366370	402403
TX2011012	,	112112	197221	121121	136138	346362	133133	205205	245245	161161	215220	155177	165165	189190	384396	197200	385394	422430	161161	000000	387387	231234	380380	369369	269275	250250	366376	415415
TX2011241	,	112112	213241	121125	132134	366370	117139	197199	248248	161163	209209	155181	165165	190191	400423	197197	367385	438442	161161	239239	391391	234234	380392	315323	260260	250274	363368	387391
