5SA037	8	109	109	185	185	130	130	132	136	366	366	117	137	197	197	242	245	161	161	206	209	155	165	165	167	185	188	396	408	197	203	378	378	430	442	161	161	239	239	383	418	231	234	388	396	361	369	269	269	244	250	362	376	387	419
5SA041	8	109	109	185	217	117	125	138	140	346	366	117	117	197	197	242	242	163	163	206	206	155	155	165	167	188	188	407	408	197	203	398	409	430	430	159	163	239	239	391	399	234	234	388	388	315	315	269	269	250	262	376	376	391	391
5SA042	8	109	109	185	185	117	121	132	136	346	350	117	135	197	197	245	251	169	169	209	209	155	165	165	169	191	191	396	400	197	200	374	386	434	462	161	161	239	239	391	395	231	231	392	392	319	327	269	278	250	250	376	376	375	415
5SA043	8	109	109	185	185	117	121	132	138	366	366	117	117	197	203	242	242	161	171	206	209	165	165	165	167	188	193	396	400	200	200	371	390	430	442	161	161	239	239	391	403	231	231	376	396	319	327	269	269	250	262	372	376	387	395
5SA059	8	109	109	185	217	117	125	132	138	362	366	117	117	197	197	242	242	161	171	206	206	165	165	165	169	188	188	396	410	200	200	386	393	434	446	161	161	239	239	379	395	231	234	376	392	314	319	269	275	250	262	380	380	403	411
5SA061	8	109	109	185	185	117	125	134	138	346	366	117	117	197	197	242	242	161	161	206	206	165	165	165	167	188	188	396	396	191	200	382	393	430	438	161	161	239	239	379	391	231	234	352	408	319	331	269	272	244	268	378	384	407	419
DED015	9	103	109	217	221	117	121	122	132	361	362	117	117	203	203	242	242	161	161	206	215	173	183	165	171	190	190	388	396	194	197	389	394	426	430	161	161	239	239	383	395	234	234	376	408	323	349	269	269	250	250	378	396	395	395
DED046	7	109	112	185	213	125	125	132	146	362	366	117	133	197	215	242	242	167	181	206	206	173	173	165	165	188	188	396	400	191	197	377	410	422	438	161	161	239	239	395	395	231	234	364	368	319	327	272	275	253	253	368	400	379	415
DED049	7	109	109	225	229	125	127	136	142	362	370	117	133	197	217	242	242	157	159	206	206	173	177	165	165	185	191	400	421	191	194	381	397	434	438	161	161	239	239	395	403	240	240	372	416	327	349	272	275	253	253	392	400	407	411
DED051	7	112	112	185	193	121	121	134	140	366	366	133	135	197	197	233	242	157	171	206	206	173	173	165	165	185	188	400	404	191	194	366	366	434	434	159	161	239	239	399	434	240	240	372	388	323	327	272	275	253	253	372	381	379	399
DED075	9	103	103	221	233	121	121	132	132	358	362	117	143	201	201	242	245	159	159	209	215	165	185	165	165	190	190	395	414	194	200	389	397	434	442	159	161	239	239	391	406	231	231	376	384	345	365	272	275	250	265	380	380	391	423
DJL286	1	109	112	233	233	121	129	146	146	362	398	117	123	207	207	251	251	165	171	0	0	165	165	165	165	0	0	418	418	197	197	0	0	0	0	161	161	239	239	399	399	231	231	400	416	331	339	275	281	0	0	374	374	427	427
DJL297	1	109	109	201	225	121	129	134	140	350	358	117	117	199	199	242	242	169	169	206	206	165	165	165	165	188	188	400	400	185	200	406	438	454	470	161	161	239	239	391	403	240	240	376	400	315	323	278	281	250	250	374	390	411	427
DJL868	6	103	109	197	197	121	125	144	144	358	366	117	135	197	215	242	242	167	167	203	209	155	185	165	165	188	188	396	418	191	194	374	386	418	430	161	161	0	0	395	399	240	240	384	384	331	339	263	272	253	253	380	380	379	379
DJL869	6	103	109	217	221	121	121	134	146	362	374	117	117	197	217	242	242	167	169	206	206	185	185	165	165	188	188	407	410	194	197	385	389	422	422	161	161	239	239	391	430	234	240	388	400	327	331	266	272	253	256	372	384	399	399
DJL870	6	112	112	193	201	121	121	134	140	362	366	117	135	197	219	242	242	167	169	206	206	185	187	165	165	182	190	404	404	194	197	385	393	430	446	159	159	239	239	391	426	231	231	400	404	323	323	269	272	253	253	388	389	379	411
DJL872	6	109	112	193	197	117	121	134	144	366	370	117	135	207	215	242	242	161	167	206	206	185	185	165	165	188	188	400	404	194	194	397	397	426	450	161	161	239	239	391	395	231	231	380	396	335	346	275	275	253	271	380	384	379	379
DJL878	6	109	109	217	217	117	121	136	146	362	370	117	117	197	197	239	242	157	167	209	209	185	185	165	167	188	188	400	404	0	0	381	430	430	458	161	161	239	239	383	395	231	231	388	404	326	327	266	266	256	256	378	384	379	379
DL902	6	109	112	185	197	125	125	120	134	370	378	117	129	199	215	239	242	163	169	206	209	169	185	165	165	188	188	400	400	194	194	402	414	426	430	161	161	239	242	399	399	231	231	384	384	327	327	272	275	250	250	388	396	407	407
DL912	6	106	106	193	217	121	125	134	134	370	370	117	137	215	215	239	242	161	169	203	203	185	187	165	167	191	191	404	412	197	197	397	426	418	446	159	159	239	239	391	399	231	240	392	392	315	323	275	281	253	253	384	386	379	395
DL914	6	109	109	217	229	117	117	132	140	366	370	117	117	197	215	242	242	161	167	203	209	173	173	165	165	188	190	404	406	194	197	389	405	434	442	161	163	239	239	395	434	231	231	372	400	319	331	275	284	253	256	378	390	399	423
DL915	6	109	109	197	221	121	125	138	140	370	370	117	135	197	215	239	239	159	167	203	206	155	177	165	165	188	191	408	410	194	197	366	386	430	434	161	161	239	239	399	403	231	231	380	392	319	319	275	287	256	256	392	404	379	423
DL916	7	109	112	193	229	125	125	134	144	366	370	117	117	197	211	242	242	159	169	206	206	155	175	165	165	188	188	396	400	191	191	366	366	430	442	161	161	239	239	391	399	234	240	368	384	327	331	272	275	253	253	364	404	379	403
DL924	1	109	112	185	185	121	129	146	152	0	0	117	117	207	207	242	245	165	169	206	206	0	0	165	165	188	188	0	0	185	197	394	394	0	0	161	161	239	239	0	0	231	234	0	0	327	359	0	0	250	250	390	390	0	0
DL925	1	109	112	221	241	121	121	142	144	374	382	117	117	199	207	251	251	163	165	206	206	173	177	165	165	188	188	421	421	197	197	398	402	454	486	161	161	239	239	391	403	231	231	412	424	323	335	275	275	250	250	382	402	419	431
DL944	8	109	109	185	185	117	125	130	134	354	366	117	133	197	197	242	242	161	169	206	209	155	165	165	167	188	190	400	400	197	200	390	401	438	438	161	161	239	239	391	413	231	234	380	392	319	369	272	281	244	250	369	369	391	415
DL957	10	109	109	197	237	121	121	122	140	366	366	139	143	199	199	242	245	165	167	206	206	165	175	165	165	190	190	0	0	200	200	397	401	0	0	161	161	239	239	387	395	234	234	352	376	315	319	269	278	250	259	363	370	0	0
DL958	10	109	109	185	241	121	123	112	134	0	0	117	139	197	199	242	245	165	165	206	206	155	167	165	165	188	190	0	0	197	200	0	0	0	0	159	161	239	239	0	0	231	231	0	0	315	323	278	284	250	259	364	366	0	0
ESP9057	1	109	109	221	225	121	121	136	136	378	378	117	117	207	207	242	242	169	169	206	206	165	165	165	165	188	188	404	408	185	200	386	406	458	462	161	161	239	239	399	407	231	240	396	412	307	335	278	281	250	250	370	382	407	431
ESP9064	3	109	112	209	225	121	121	128	152	361	394	133	141	199	207	251	251	161	169	206	206	165	165	165	165	188	188	430	430	197	200	394	394	442	462	161	161	239	239	399	430	231	234	356	400	323	331	281	284	250	259	382	386	399	407
ESP9070	1	109	112	205	229	121	121	140	144	374	374	117	117	199	207	242	251	165	171	206	206	165	165	165	165	188	188	408	408	197	197	390	394	438	458	161	161	239	239	403	415	231	231	396	396	327	339	278	278	250	250	378	390	419	427
ESP9085	6	106	109	185	185	117	121	132	140	362	370	117	117	229	231	239	239	167	169	206	209	155	155	165	165	188	188	396	418	191	194	385	410	430	434	161	161	239	239	391	399	234	240	376	412	323	335	272	272	253	256	388	392	379	423
ESP9092	6	109	112	193	229	121	125	132	132	358	362	129	133	215	215	239	242	161	163	203	206	173	185	165	165	188	191	388	392	194	194	405	430	418	418	161	161	236	236	403	434	231	240	372	396	323	327	269	272	256	256	364	380	379	411
ESP9101	6	103	109	193	221	121	121	136	140	362	370	117	135	215	219	242	242	159	169	206	206	155	185	165	167	188	191	392	404	191	197	414	418	426	450	159	161	239	239	375	391	238	240	396	396	315	339	275	284	253	253	374	376	423	423
ESP9104	6	103	112	193	197	117	125	132	132	362	370	117	129	215	221	239	242	161	163	203	206	155	155	165	165	190	191	396	400	191	194	366	393	426	446	161	161	239	239	395	403	231	243	404	408	327	331	272	278	253	256	368	380	379	407
ESP9111	6	103	109	193	193	121	125	116	132	362	366	117	129	197	217	242	242	161	167	203	206	185	185	165	165	190	191	388	400	194	197	385	393	434	442	161	161	239	239	387	403	231	240	388	396	327	331	272	272	256	256	376	392	407	411
ESP9120	6	103	112	193	193	121	121	134	142	370	374	117	117	197	197	239	242	169	169	209	209	185	185	165	165	188	190	396	404	194	197	397	426	426	454	159	159	239	239	395	395	231	237	392	392	315	319	275	275	247	253	384	388	379	411
ESP9137	6	109	112	185	233	125	125	138	142	362	370	117	135	207	207	260	260	161	167	0	0	155	155	165	165	0	0	408	422	197	197	0	0	0	0	0	0	239	239	391	391	231	237	364	376	339	343	272	287	0	0	382	402	379	407
ESP9143	6	109	112	193	221	121	125	138	142	362	374	139	145	207	215	242	260	165	169	206	209	165	165	165	165	188	191	392	393	182	194	394	394	426	454	161	161	239	239	395	407	237	237	380	400	331	343	272	281	250	253	376	392	379	427
ESP9147	6	103	112	185	193	121	125	132	148	362	366	133	135	197	215	242	242	163	169	206	209	155	173	165	165	188	191	400	404	194	194	389	390	434	442	161	161	239	239	399	434	231	231	384	396	319	355	272	278	253	253	388	392	379	403
ESP9149	6	103	109	193	193	125	125	120	136	362	370	117	133	197	215	239	242	167	169	203	206	155	185	165	165	188	191	396	404	191	194	390	422	430	442	159	161	239	239	395	399	231	240	360	372	319	319	269	269	253	256	370	380	379	407
ESP9152	6	103	112	193	193	121	125	126	132	366	366	117	135	205	219	242	242	167	169	206	206	155	185	165	165	191	191	400	404	179	191	414	414	422	442	161	161	239	239	391	422	231	231	392	396	327	327	278	278	253	256	372	396	407	411
ESP9174	5	112	112	185	245	121	131	128	142	374	378	117	117	203	207	251	257	169	177	206	206	165	167	165	165	188	188	408	408	185	197	382	426	438	470	161	161	239	239	399	407	234	243	388	400	323	327	281	287	250	256	376	378	391	419
ESP9179	4	109	109	221	221	121	121	138	138	350	350	133	133	199	207	242	251	169	169	206	206	165	165	165	165	188	188	422	444	197	197	390	398	450	470	161	161	0	0	391	391	231	237	408	412	327	327	272	272	250	250	370	382	415	419
ESP9186	5	109	109	233	233	121	129	134	142	354	362	129	145	203	207	242	251	165	165	206	209	165	167	165	173	188	188	388	400	182	197	390	410	442	450	161	161	239	239	395	403	234	237	364	396	323	335	284	290	250	250	370	370	415	431
ESP9196	5	109	109	213	229	121	121	144	144	358	370	117	145	203	207	242	254	165	169	197	206	165	167	165	165	190	190	388	400	182	194	382	394	446	454	161	161	239	239	399	407	231	240	368	388	319	327	278	281	250	250	366	378	399	419
ESP9197	5	109	112	213	229	121	129	132	142	358	370	117	135	207	207	251	251	169	169	206	206	165	165	165	165	188	188	400	418	197	197	382	394	454	462	161	161	239	239	395	407	240	243	348	396	327	331	275	278	250	250	382	382	407	415
ESP9208	5	109	112	205	229	121	121	132	132	358	358	117	139	203	207	251	254	169	171	206	206	175	175	161	165	188	188	410	410	182	182	382	390	446	458	159	161	239	239	407	418	237	237	352	396	319	323	278	296	250	250	374	374	399	419
ESP9231	5	109	112	205	237	117	121	124	124	374	402	117	129	207	207	242	257	165	165	206	206	165	165	165	165	188	188	418	418	182	182	398	446	430	442	161	161	239	239	403	403	234	237	360	384	307	323	287	290	250	250	378	378	407	419
ESP9232	5	103	112	201	233	121	121	142	146	370	402	139	141	197	207	242	243	159	169	206	206	165	167	161	165	188	188	412	412	182	182	378	410	462	462	161	161	239	239	395	395	234	237	388	400	307	327	275	281	250	250	378	378	407	411
ESP9245	7	112	112	193	205	125	131	134	134	362	385	117	117	217	227	242	242	169	177	206	209	173	173	165	165	188	188	392	392	191	197	366	366	430	458	159	161	239	239	391	395	234	240	380	384	331	342	275	278	253	253	388	392	379	399
ESP9252	7	103	112	221	229	121	121	138	142	358	366	117	117	213	215	242	242	159	177	206	206	173	177	165	167	188	191	392	410	191	194	422	422	430	430	161	161	239	239	422	426	240	240	384	384	319	361	266	266	253	253	380	384	379	383
ESP9258	7	106	112	193	229	121	125	132	138	366	374	117	133	197	227	242	242	159	159	206	206	173	185	165	165	188	191	392	400	194	197	366	366	446	446	161	161	239	239	418	422	234	240	364	408	339	371	275	278	244	253	384	392	379	395
ESP9261	4	109	109	233	237	121	121	138	138	358	358	135	135	199	207	242	242	165	165	206	206	165	165	165	165	188	188	0	0	197	197	386	394	450	450	161	161	239	239	399	399	231	231	404	404	323	323	278	281	250	250	374	390	399	399
ESP9264	4	109	109	229	237	121	121	128	138	398	398	117	123	207	209	242	242	165	165	206	206	165	165	165	165	188	188	0	0	182	197	394	394	446	446	161	161	239	239	395	395	231	231	368	400	327	335	272	272	250	250	370	378	411	415
ESP9273	4	109	109	229	237	121	121	138	138	394	398	133	135	207	207	242	242	165	169	206	206	165	165	165	165	188	188	395	395	197	197	386	394	438	446	161	161	239	239	395	395	231	231	392	392	327	331	272	281	250	250	370	382	423	431
ESP9275	4	112	112	225	229	121	121	138	138	350	350	135	139	199	199	242	242	165	165	206	206	165	167	165	165	188	188	0	0	197	197	402	406	438	442	161	161	239	239	391	391	231	237	392	400	327	327	284	284	250	250	370	374	419	419
ESP9279	5	109	109	189	201	121	125	138	142	374	374	117	139	203	207	242	251	165	165	206	209	165	165	165	165	188	188	408	422	197	197	390	394	434	446	161	161	239	239	399	399	234	240	392	396	323	339	275	287	250	250	374	374	419	431
ESP9311	5	109	112	233	237	121	129	140	148	370	374	143	145	199	207	242	251	161	169	206	206	165	165	165	165	188	188	408	408	182	197	390	398	446	458	161	161	239	239	387	403	231	234	380	384	319	327	272	278	250	250	378	382	403	411
ESP9325	3	109	112	225	225	121	121	140	148	354	378	129	131	199	207	251	251	161	165	206	206	163	165	165	165	188	188	0	0	197	197	377	398	450	450	161	161	239	239	383	403	231	237	392	396	327	335	278	284	250	250	374	378	407	427
ESP9326	6	103	103	225	229	125	125	130	140	362	366	133	135	197	209	242	242	167	169	206	206	173	185	165	165	188	191	404	406	194	194	366	393	454	454	161	161	239	239	387	387	240	240	380	400	323	353	275	278	256	256	368	382	391	419
ESP9330	6	109	109	185	225	121	121	134	138	366	366	117	135	217	217	242	242	159	161	206	206	173	185	165	165	188	191	392	400	194	194	397	397	426	454	161	161	239	239	403	415	237	240	384	384	327	335	269	272	256	256	370	374	383	383
ESP9331	6	109	112	185	221	117	121	144	144	374	374	117	117	197	207	242	242	167	167	206	206	177	185	165	165	188	190	396	407	188	194	390	409	434	446	161	161	239	239	411	430	240	240	360	384	315	334	269	272	253	256	388	388	419	419
ESP9340	6	109	109	197	225	125	125	132	142	362	366	135	135	197	215	242	242	159	159	206	209	185	185	165	165	188	190	404	414	194	194	397	398	434	442	161	161	239	239	426	426	231	240	392	408	319	367	272	281	244	256	401	408	391	403
ESP9349	6	109	109	217	221	121	125	134	140	358	370	117	129	197	197	242	242	169	169	203	209	155	179	165	167	188	188	396	403	191	194	385	397	442	446	161	161	239	239	387	395	231	240	388	404	331	335	272	278	253	253	364	388	379	427
ESP9350	6	109	109	185	185	117	121	144	148	366	378	117	117	213	213	242	242	159	169	206	209	173	187	165	165	182	188	396	411	197	197	389	393	426	442	159	161	239	239	395	395	231	234	392	396	326	335	266	269	256	256	388	400	379	407
ESP9351	6	109	109	185	225	121	121	134	144	362	366	135	135	197	215	242	242	161	167	206	209	185	185	165	165	188	191	388	399	191	191	382	389	434	438	159	161	239	239	391	391	231	234	380	380	327	327	275	275	253	253	381	388	411	411
ESP9357	6	112	112	205	217	121	125	140	140	362	370	117	117	197	197	239	239	163	169	203	203	155	155	165	167	188	188	400	407	194	194	397	397	434	434	161	161	239	239	371	399	240	240	388	404	335	339	272	272	253	256	376	392	379	415
ESP9417	5	109	112	193	209	129	129	142	148	366	370	117	117	203	207	242	251	165	169	206	206	165	175	173	173	188	190	400	430	194	197	382	386	462	466	161	161	239	242	395	407	231	240	392	392	319	327	275	278	250	250	386	394	407	423
ESP9438	6	103	112	193	193	125	125	132	138	362	370	117	117	215	215	242	242	161	169	203	206	155	181	165	165	188	188	396	422	194	197	389	426	442	454	159	161	239	239	395	422	231	231	380	384	339	351	272	275	253	256	372	380	379	407
ESP9451	6	103	109	197	233	117	121	134	138	354	362	117	117	215	219	239	239	169	169	203	209	155	173	165	165	188	191	407	407	194	194	390	394	418	450	161	161	239	239	395	395	237	237	384	388	327	338	272	272	253	253	364	380	379	415
ESP9479	1	109	109	229	237	121	121	144	146	350	354	117	135	207	207	251	251	169	169	206	206	165	177	165	165	188	188	400	404	197	200	386	410	442	450	161	161	239	239	391	399	231	231	376	396	343	347	284	284	250	250	378	398	419	435
ESP9480	1	109	109	201	229	121	121	128	134	353	354	117	135	207	207	242	251	169	169	206	206	165	165	165	165	187	188	404	408	197	197	382	402	446	454	161	161	0	0	399	403	231	240	408	412	307	335	281	284	250	250	370	382	427	431
ESP9485	1	109	112	225	233	121	121	128	138	350	353	117	135	207	207	251	251	163	169	206	206	165	175	165	165	188	188	400	400	197	197	398	402	446	450	161	161	239	239	399	399	231	237	392	408	311	343	278	281	250	250	390	390	427	427
ESP9486	1	109	112	225	245	117	129	140	140	350	382	117	131	207	207	242	242	161	169	206	206	165	165	165	165	188	188	396	412	197	197	398	398	446	454	161	161	239	239	395	399	231	231	372	416	323	327	278	278	250	250	378	402	411	419
ESP9495	7	103	109	193	221	117	121	138	138	358	362	135	137	197	217	239	242	157	159	206	209	171	185	165	165	188	190	392	396	194	197	389	394	426	438	161	161	236	239	422	422	231	237	388	388	315	323	272	278	253	256	377	404	379	407
ESP9557	2	112	112	229	237	129	129	140	146	374	386	117	117	207	207	251	251	169	169	206	206	165	165	165	165	188	188	396	400	197	197	394	406	466	482	161	161	239	239	399	403	240	240	380	416	323	355	275	275	250	250	0	0	419	427
ESP9601	6	103	112	217	237	117	125	132	140	362	370	0	0	197	197	242	242	169	169	209	209	181	185	165	165	188	188	400	408	194	194	389	393	426	442	159	161	239	239	395	399	234	240	372	388	319	339	272	275	253	265	392	392	379	403
ESP9606	1	109	109	205	233	121	129	140	146	353	398	123	123	207	207	242	251	165	171	206	206	165	167	165	165	188	188	404	430	197	197	386	406	446	462	161	161	239	239	399	419	234	237	392	396	331	339	275	281	250	250	390	390	411	423
ESP9616	6	103	112	193	241	125	125	130	132	370	370	117	117	217	217	242	242	157	167	206	206	185	185	165	165	188	188	396	408	194	194	385	393	422	430	161	161	239	239	395	399	231	231	388	400	323	327	272	284	253	256	392	392	411	431
ESP9620	6	109	112	197	213	121	121	138	140	362	370	117	117	197	209	242	242	159	169	206	206	185	185	165	165	188	188	396	396	194	197	381	393	442	446	159	161	239	239	391	406	231	231	368	412	323	327	272	272	253	271	384	384	379	427
ESP9621	6	109	112	197	197	121	121	132	134	366	366	117	117	197	207	242	242	161	169	206	206	177	185	165	165	188	190	396	412	188	197	385	401	430	442	161	161	239	239	391	395	231	240	380	384	323	359	266	272	250	274	372	376	407	423
ESP9642	3	109	109	213	225	121	121	128	128	354	354	117	141	209	211	242	251	161	165	206	206	165	165	165	165	190	190	426	426	182	197	381	390	430	442	161	161	239	239	387	391	234	237	364	400	323	327	272	281	250	250	378	394	415	427
ESP9643	3	109	109	237	249	117	121	128	148	353	354	133	135	199	209	242	242	161	169	206	206	165	165	165	165	188	188	426	426	197	197	402	406	442	454	161	161	239	239	387	391	237	240	348	348	327	339	284	284	250	250	378	378	407	411
LAF10486	6	103	112	193	209	121	121	134	134	362	366	117	117	197	207	242	254	161	169	206	209	155	165	165	167	188	190	422	422	191	197	385	406	446	458	159	161	239	239	395	403	231	240	380	380	331	339	272	275	250	256	366	384	399	407
LAF10487	6	103	112	209	217	125	125	134	140	362	362	117	145	207	215	239	239	161	161	206	209	165	165	165	165	188	188	396	422	182	194	394	422	426	438	159	161	239	239	383	391	231	234	400	400	327	335	269	287	253	253	384	386	379	379
LM51001	6	109	109	185	193	117	125	134	144	362	370	117	135	197	199	239	242	161	163	206	209	155	173	165	167	190	190	406	408	191	194	390	422	426	426	161	161	239	239	395	395	231	237	372	380	327	351	275	275	253	253	368	378	379	407
LM51002	6	103	103	193	197	125	125	132	138	370	378	117	135	197	197	242	242	163	167	206	209	155	173	165	167	190	190	388	404	191	197	366	398	438	442	159	161	239	239	430	434	231	240	380	404	315	363	275	275	256	256	384	404	395	403
LM51003	6	103	109	193	225	121	125	138	154	362	362	117	117	215	215	242	242	163	167	209	209	155	185	165	167	188	190	396	404	191	194	398	406	426	434	161	161	239	239	395	422	231	240	368	376	327	367	272	275	256	256	374	384	411	423
LM51004	6	106	109	197	201	117	125	134	142	366	366	117	135	197	197	239	242	161	169	206	209	155	185	165	165	188	190	396	422	191	194	397	418	442	450	161	161	239	239	383	438	231	246	360	404	319	331	272	275	256	259	388	392	379	415
LM51005	6	109	112	193	201	117	117	132	134	362	370	117	117	197	215	239	242	167	169	203	209	155	185	165	165	188	191	404	404	194	197	398	426	446	450	159	161	239	239	395	403	231	231	380	396	319	331	275	281	253	256	372	376	379	379
LM51007	6	103	112	189	245	117	121	134	138	354	374	117	139	203	215	239	242	165	169	203	203	165	165	165	165	188	190	400	408	194	197	386	390	434	446	161	161	239	239	391	407	231	231	372	372	323	339	272	284	250	250	390	390	423	431
LM51010	6	103	106	185	193	117	121	132	132	362	370	135	135	215	215	239	242	163	169	203	209	181	185	165	165	188	191	400	430	191	191	389	414	418	434	159	161	239	239	395	422	231	231	380	396	331	355	272	278	253	256	363	372	411	411
LM51011	6	103	112	185	193	121	125	132	132	362	362	133	135	215	219	242	242	157	167	206	209	185	185	165	165	190	191	396	404	191	191	389	422	418	430	159	161	239	239	395	403	231	231	404	408	323	371	272	281	253	256	376	384	403	411
LM51012	6	103	106	209	237	125	125	130	142	362	370	117	117	197	217	242	242	161	169	206	206	185	185	165	165	188	191	396	400	194	194	389	406	438	442	161	161	239	239	395	399	240	240	372	384	323	330	272	272	253	253	392	400	379	399
MTH270	5	109	109	201	221	121	129	128	128	366	366	117	117	197	207	242	257	165	171	206	206	165	165	165	173	188	188	418	418	182	197	378	382	450	466	161	161	239	239	399	403	237	237	372	376	327	327	275	281	250	259	382	382	407	419
MTH275	5	109	112	225	241	121	123	128	140	353	366	133	139	199	207	242	257	169	169	206	209	165	165	161	165	188	188	400	418	182	197	378	394	442	450	161	161	239	239	391	434	231	237	388	396	307	323	272	272	250	250	382	382	439	443
MTH276	5	109	112	213	229	121	133	128	140	362	362	117	129	199	203	257	257	169	169	206	206	165	165	165	173	188	190	396	400	182	185	390	406	450	466	161	161	239	239	395	395	231	240	388	424	327	339	278	281	250	250	394	394	411	427
MTH468	3	112	112	185	241	117	121	138	138	350	350	129	129	207	207	242	251	165	165	206	206	165	167	165	165	188	188	0	0	182	197	381	402	430	434	161	161	239	239	391	403	231	240	392	392	319	319	281	284	250	250	374	374	407	415
MTH469	3	109	109	221	221	121	121	130	130	370	406	117	117	203	207	248	248	161	169	206	206	165	165	165	165	188	188	396	396	197	197	398	402	430	430	161	161	239	242	391	399	231	237	372	396	307	335	269	281	250	250	382	382	419	427
MTH470	3	112	112	213	225	121	129	128	128	353	370	123	145	207	207	242	242	169	169	206	206	165	165	165	165	188	188	418	418	182	197	398	426	434	454	159	161	239	239	399	399	231	237	376	392	311	335	278	281	250	250	374	374	387	427
MTH472	3	109	112	217	225	121	121	128	142	350	378	145	145	199	203	239	251	169	171	206	206	165	165	165	165	188	188	414	414	197	197	386	422	454	454	161	161	239	239	399	426	231	237	392	396	311	339	281	281	250	256	378	390	423	431
MTH473	3	109	112	229	233	121	121	140	140	350	378	133	135	199	215	242	257	165	165	206	206	165	177	165	167	190	190	0	0	182	197	394	426	450	458	161	161	239	239	391	391	231	234	400	408	327	335	278	281	250	250	374	374	387	407
MTH474	3	112	112	225	229	121	121	128	144	350	373	135	135	207	207	242	251	169	173	206	206	167	177	165	165	188	188	400	404	197	197	390	402	450	454	159	161	239	239	395	395	234	234	384	412	319	331	281	284	250	250	380	380	387	427
MTH475	3	112	112	217	225	121	121	128	144	350	370	123	145	209	211	248	251	165	169	206	206	165	167	165	173	188	188	404	404	185	197	390	414	430	450	159	161	239	239	399	411	234	237	360	400	327	331	272	287	250	250	378	378	407	423
MTH477	3	109	112	201	233	117	121	128	138	357	378	123	133	203	207	242	251	161	169	206	206	165	167	165	165	188	188	392	392	197	197	386	414	442	466	159	161	239	239	399	407	231	231	388	400	311	335	278	284	250	250	374	382	415	415
MTH478	3	109	109	229	233	117	121	128	138	350	374	117	145	207	207	242	251	165	169	206	206	165	167	165	167	188	190	418	418	197	197	371	394	422	442	161	161	0	0	395	403	237	243	372	400	323	327	284	290	250	250	366	370	387	423
MTH489	3	109	109	213	229	117	121	128	134	350	370	135	145	207	209	242	248	169	169	206	206	165	167	165	165	188	188	0	0	197	200	390	426	426	426	161	161	239	239	391	391	231	231	372	396	331	335	272	278	250	250	378	382	419	423
MTH490	3	112	112	205	225	121	133	124	140	361	390	117	117	199	203	242	251	161	165	206	206	165	167	165	165	188	190	396	396	197	197	390	402	454	454	161	161	239	242	395	399	231	231	376	376	323	327	284	284	250	250	386	386	0	0
MTH491	3	109	112	201	221	121	121	132	140	358	394	145	145	199	207	242	251	159	169	0	0	165	165	165	165	0	0	430	430	194	197	0	0	0	0	0	0	239	242	391	391	231	237	396	412	327	331	275	275	0	0	378	378	407	423
MTH492	3	109	109	205	221	121	121	128	134	361	370	123	135	207	211	257	257	161	171	206	206	165	167	165	165	188	188	400	400	197	197	389	402	442	454	161	161	239	239	395	395	231	234	376	412	307	347	281	290	250	256	378	378	407	415
MTH532	1	109	112	229	233	121	121	140	140	378	378	117	135	199	201	242	242	163	169	206	206	165	165	165	165	188	188	404	404	185	200	406	406	446	462	161	161	239	239	391	415	231	240	392	412	327	331	278	281	250	250	394	394	399	419
MTH534	1	109	109	213	229	121	121	134	138	353	374	117	135	207	207	242	245	169	169	206	206	165	175	165	165	188	188	408	408	197	197	398	410	434	458	161	161	239	239	395	407	231	240	408	432	331	339	266	278	250	250	0	0	391	431
MTH571	1	109	112	225	233	121	133	134	152	354	394	117	117	207	207	242	251	165	169	206	206	165	165	165	165	188	188	396	396	197	197	390	394	446	462	161	161	239	239	403	411	234	237	392	416	339	343	278	287	250	250	394	398	407	419
MTH589	4	109	109	233	237	121	121	128	128	394	394	117	123	209	209	242	242	169	169	206	206	165	165	165	165	188	188	0	0	182	182	394	394	454	454	161	161	239	239	395	403	231	231	400	412	319	331	272	272	250	250	374	378	411	423
NM1201	5	109	112	213	225	121	121	136	142	370	378	117	139	207	207	251	251	169	169	206	206	165	165	165	165	188	188	404	408	197	197	382	386	454	454	161	161	239	239	391	395	234	237	384	392	335	335	275	284	250	250	374	374	419	423
NM1204	5	109	109	185	193	117	121	130	140	374	382	117	117	207	207	248	251	161	165	206	206	165	165	165	165	188	188	400	400	197	197	390	402	438	446	161	161	239	242	403	415	240	243	396	400	327	335	269	284	250	250	0	0	407	419
NM1206	5	112	112	221	225	117	133	146	146	354	358	139	149	199	207	251	257	169	179	206	206	165	165	173	173	188	188	400	400	182	197	398	418	462	462	161	161	233	239	383	426	231	231	376	400	327	339	287	290	250	250	382	382	415	419
NM1207	5	109	112	209	221	121	123	132	146	354	370	117	145	203	207	242	248	169	169	206	206	165	165	165	165	188	188	400	400	182	182	381	386	458	470	159	161	239	239	395	403	234	237	376	404	327	327	272	284	250	250	378	378	411	415
NM1208	5	109	109	201	237	117	129	130	140	358	378	135	137	203	207	248	251	169	179	206	206	165	175	165	173	188	188	400	400	197	197	386	394	466	474	161	161	239	239	395	403	231	234	368	396	315	323	281	284	250	250	382	390	419	431
NM1209	5	109	109	233	245	117	133	136	150	354	366	117	117	199	203	251	257	169	171	206	206	165	167	165	165	188	190	404	404	182	197	386	390	438	458	161	161	239	239	383	387	237	240	368	388	327	335	269	272	250	250	370	380	419	443
NMG0361	6	112	112	185	193	121	125	132	140	358	366	117	129	217	219	239	242	161	161	206	206	173	185	165	165	188	191	396	404	194	197	389	398	434	454	161	163	239	239	395	395	231	231	384	404	323	335	275	275	253	253	384	388	378	403
NMG0426	6	109	112	193	221	117	125	134	140	362	370	133	137	217	217	239	242	169	169	203	206	155	185	165	165	188	188	396	400	194	194	382	430	426	442	159	161	239	239	399	399	231	231	392	404	323	335	275	275	253	253	378	388	403	403
NMG0779	6	109	109	193	197	125	125	128	144	358	362	117	133	215	219	242	242	159	163	203	209	173	185	165	165	188	188	406	408	182	197	381	382	450	454	159	161	239	239	391	403	231	231	360	404	327	331	275	278	247	250	376	384	399	407
NMG0901	6	109	112	193	221	121	125	140	142	362	370	117	117	197	217	242	242	159	169	206	209	155	187	165	165	188	188	400	410	191	194	366	426	430	430	161	161	239	239	395	403	231	231	384	392	323	335	275	275	247	256	384	392	378	403
NMG0902	6	103	112	193	221	125	125	120	144	362	370	117	133	197	197	239	242	163	169	209	209	155	173	165	165	188	191	400	418	194	194	390	426	434	446	159	161	239	239	391	395	237	237	364	400	323	331	272	275	250	253	376	388	407	411
NMG0903	6	112	112	193	193	125	125	120	120	362	366	117	117	197	221	239	242	161	161	203	209	165	173	165	165	188	191	400	408	194	194	398	398	438	446	161	161	239	239	395	395	231	231	360	400	323	323	272	272	253	253	384	388	399	415
NMG0904	6	109	112	193	217	125	125	132	136	366	366	133	135	197	215	239	242	163	163	203	206	155	185	165	167	188	188	400	408	194	197	398	422	442	454	161	161	239	239	395	399	231	231	364	384	331	339	275	275	250	253	372	372	407	407
SAR002	3	109	112	209	233	121	121	128	138	402	402	129	145	199	203	242	257	165	173	206	206	163	167	165	165	188	190	426	426	194	197	389	416	434	450	161	161	239	239	395	426	234	237	376	412	327	331	275	278	250	250	382	382	407	411
SAR003	3	109	109	217	237	121	121	128	138	370	374	117	145	207	207	242	242	165	171	206	206	167	167	165	165	188	188	426	426	197	197	377	385	450	458	161	161	239	239	391	395	234	234	400	404	323	331	278	287	250	250	374	382	411	427
SAR004	3	112	112	233	241	121	129	130	130	394	398	117	117	203	211	242	248	165	165	206	206	165	167	165	173	188	188	0	0	194	197	393	398	442	454	161	161	239	239	399	399	231	234	364	364	335	335	284	284	250	259	386	390	423	423
SAR019	3	109	112	249	249	121	121	128	148	354	354	117	117	207	207	242	251	161	161	206	206	165	165	165	165	188	188	0	0	182	182	390	390	430	458	161	161	239	239	387	387	237	237	364	392	335	339	278	281	250	250	0	0	399	427
SAR021	1	109	112	221	237	121	129	124	136	357	378	117	117	203	207	242	242	163	165	206	206	165	173	165	165	188	188	396	439	197	197	394	398	454	458	161	161	239	239	395	403	231	240	380	404	315	347	275	281	250	250	382	394	407	431
SAR023	1	109	112	229	245	121	129	138	138	378	378	117	123	207	207	242	242	165	169	206	206	165	167	165	165	188	188	408	434	197	197	394	398	446	474	161	161	239	239	399	399	231	231	380	392	331	335	275	278	250	250	394	398	411	431
SAR024	1	109	112	229	233	121	121	142	144	378	382	117	129	207	207	242	251	165	165	206	206	165	167	165	165	188	188	400	439	197	197	390	418	442	474	161	161	239	239	395	395	231	231	384	384	331	331	284	284	250	250	382	382	423	431
SAR027	1	109	109	205	225	121	121	140	144	361	374	117	117	207	207	242	242	165	165	206	206	165	173	165	165	188	188	430	430	197	197	394	394	454	470	161	161	239	239	399	403	237	240	392	400	339	343	281	284	250	250	370	370	391	411
SAR028	1	109	109	225	225	121	129	136	140	365	374	117	117	207	207	242	242	163	165	206	206	165	167	165	165	188	188	392	426	185	197	398	398	442	450	161	161	239	239	399	403	240	240	396	400	335	335	278	290	250	250	378	378	431	443
SAR030	1	109	112	205	233	121	121	128	140	350	378	117	117	199	203	242	242	165	169	206	206	165	165	165	165	188	188	400	404	185	197	382	394	438	454	161	161	239	239	395	403	231	237	404	424	327	335	284	284	250	250	374	382	411	427
SAR050	3	109	112	221	249	121	121	128	128	354	370	117	133	207	211	251	251	161	169	206	206	165	165	165	165	188	188	0	0	197	197	381	414	438	442	161	161	239	239	387	395	231	237	392	396	315	339	272	281	250	250	374	378	411	415
SAR054	3	109	109	249	249	117	121	128	128	370	394	117	135	207	207	251	251	161	161	206	206	165	165	165	165	188	188	414	414	182	182	381	381	458	458	161	161	239	239	387	387	237	240	348	364	315	347	278	281	250	250	0	0	407	407
SAR200	3	109	112	185	185	121	121	130	130	357	366	117	117	199	207	242	257	169	171	206	206	165	167	165	165	188	188	414	414	197	197	390	402	442	478	161	161	239	239	395	395	231	237	396	408	327	335	275	284	250	250	382	382	387	407
SAR204	6	103	112	193	193	121	125	134	136	370	374	117	135	215	217	242	242	157	169	203	209	155	185	165	165	188	190	400	403	194	194	389	405	418	454	159	161	239	239	395	395	231	240	380	392	331	371	272	272	256	256	392	392	379	403
SAR206	6	103	112	193	197	125	125	138	140	362	366	129	133	197	199	239	242	167	167	209	209	181	185	165	165	188	190	384	392	194	197	398	413	426	430	161	161	239	239	387	391	231	243	376	388	327	330	272	275	253	253	380	392	419	423
SAR208	6	109	109	185	193	117	121	132	138	366	370	117	117	199	215	242	242	161	161	203	203	155	181	165	165	188	191	416	422	194	197	382	385	442	470	161	161	239	239	403	411	231	240	396	400	319	323	272	287	256	256	384	392	399	399
SAR210	6	103	106	185	193	117	125	136	142	362	370	117	117	215	215	242	242	157	163	206	209	185	185	165	165	188	191	400	416	194	194	401	402	422	430	161	161	239	239	395	407	240	240	392	400	327	327	272	281	256	256	376	384	379	399
SAR218	3	109	112	221	229	117	121	144	144	350	398	135	135	207	215	242	260	165	169	206	206	165	165	165	165	188	188	422	422	197	197	389	402	434	442	161	161	239	239	387	415	231	237	348	376	323	327	284	290	250	250	374	382	415	435
SAR224	2	109	112	225	241	129	129	140	140	378	386	117	117	207	207	245	251	169	169	206	206	165	165	165	165	188	188	416	421	194	197	390	398	450	470	161	161	239	239	395	407	237	237	384	396	335	347	278	278	250	250	0	0	419	419
SAR226	2	109	109	225	233	129	129	138	138	374	374	117	117	207	207	245	251	165	169	206	206	165	165	165	165	188	188	396	421	185	197	390	398	466	478	161	161	239	239	395	399	231	240	384	412	327	343	278	284	250	250	0	0	415	419
SAR227	2	109	112	225	229	129	129	122	138	378	386	117	117	207	207	245	251	169	169	206	206	165	165	165	165	188	188	404	421	197	197	390	414	466	470	161	161	239	239	395	399	231	237	396	412	343	343	284	284	250	250	0	0	415	419
SAR229	2	109	109	229	237	129	129	138	138	378	378	117	129	207	207	245	251	165	169	206	206	165	165	165	165	188	188	400	416	197	197	398	414	450	450	161	161	239	239	395	411	237	237	380	396	327	351	275	278	250	250	398	398	415	419
SAR252	6	103	112	185	193	117	121	140	144	362	366	117	135	215	215	242	242	163	167	206	209	173	185	165	165	188	190	410	418	191	191	389	394	422	454	161	161	239	239	395	395	231	234	372	404	315	331	272	278	253	253	384	396	395	399
SAR253	6	103	112	185	197	125	125	132	148	362	366	117	135	215	215	242	242	163	167	203	206	173	173	165	165	188	190	404	408	179	194	402	418	422	458	161	161	239	239	395	399	231	234	384	416	335	335	269	269	253	253	378	392	379	403
SAR254	6	103	112	185	193	119	125	132	144	354	366	117	135	197	215	239	239	161	163	203	209	155	185	165	165	190	190	414	430	191	194	393	426	438	458	161	161	239	239	395	399	234	237	384	388	315	331	269	269	253	256	372	392	415	423
SAR255	6	103	109	185	221	125	125	132	138	366	374	117	135	197	199	242	242	163	169	206	206	155	155	165	165	188	188	396	408	179	191	382	389	434	450	159	161	239	239	395	434	231	231	376	412	327	327	272	275	253	256	384	392	403	419
SAR256	6	103	106	185	193	121	125	132	138	362	370	135	135	197	207	239	242	161	163	206	206	173	185	165	165	190	190	414	418	191	191	430	430	418	446	161	161	239	239	387	407	231	231	388	400	319	335	269	272	250	253	384	400	411	411
SAR259	7	103	109	193	193	121	125	138	146	365	374	133	139	197	227	242	242	159	169	206	206	167	173	165	165	185	188	396	404	191	194	366	366	438	442	161	161	236	239	391	391	234	237	360	372	315	323	266	275	253	253	364	384	407	411
SAR261	7	109	112	185	193	121	125	132	140	362	385	117	133	197	229	242	242	161	169	206	206	173	177	165	165	185	188	400	400	191	191	366	389	446	462	161	161	236	239	395	407	234	240	372	380	323	327	275	275	253	253	377	381	379	431
SAR262	7	109	112	185	193	117	121	140	146	0	0	117	117	0	0	242	242	167	169	206	206	173	177	165	165	188	190	396	396	197	197	366	393	470	470	161	161	239	239	403	406	231	240	0	0	323	353	275	275	244	253	0	0	0	0
SAR264	7	112	112	185	205	121	125	134	134	362	385	117	133	197	215	242	242	167	167	206	206	173	177	165	165	188	191	396	408	191	191	366	382	418	458	161	161	239	239	395	395	231	240	372	392	319	353	278	278	253	253	378	408	379	383
SAR265	7	109	109	185	205	125	125	134	134	362	362	117	117	197	217	242	242	167	167	206	206	173	173	165	165	188	191	404	407	191	194	389	430	422	426	161	161	239	239	399	399	240	240	372	408	327	331	266	272	244	256	380	404	407	427
SAR266	7	112	112	185	221	121	121	134	134	362	385	117	117	197	203	242	242	161	167	206	206	173	173	165	165	188	191	392	400	194	197	366	382	458	462	161	161	239	239	395	395	231	240	372	392	319	353	278	281	253	253	378	400	379	383
SAR307	3	109	109	221	237	121	129	128	134	353	357	117	141	199	207	242	257	165	165	206	206	165	165	165	165	188	188	404	426	182	182	394	414	446	454	161	161	239	239	395	411	231	234	392	392	323	327	272	290	250	250	370	382	407	419
SAR348	6	103	106	193	213	125	125	120	138	362	370	117	133	215	217	236	242	163	167	203	203	155	181	165	165	188	188	396	411	194	197	385	410	418	438	161	161	236	239	399	426	231	240	380	404	331	335	272	275	253	253	376	380	379	411
SAR351	6	109	109	197	197	117	125	132	136	366	366	117	117	197	215	239	242	167	167	203	206	181	187	165	165	188	191	416	418	194	197	405	422	442	446	159	161	236	239	395	399	231	231	376	384	331	335	272	272	253	256	376	384	375	411
SAR355	6	106	109	185	193	121	125	134	138	366	370	117	135	199	219	239	242	161	169	206	206	155	183	165	165	188	191	388	422	194	194	401	410	422	438	159	161	239	239	391	403	231	231	392	396	335	335	269	272	253	256	384	408	403	407
SAR356	6	112	112	217	221	121	121	134	146	358	366	117	117	197	215	239	242	167	169	203	206	155	181	165	167	188	188	418	430	191	194	386	418	422	430	161	161	239	239	387	399	231	240	368	392	311	323	272	272	253	253	372	388	375	403
SAR361	1	112	112	225	229	117	121	144	144	353	378	117	117	199	207	242	242	163	165	206	206	165	173	165	165	188	188	422	430	200	200	402	406	434	458	161	161	239	239	395	415	234	237	384	408	331	335	281	287	250	250	390	394	399	415
SAR379	6	103	106	185	185	121	125	132	136	362	366	117	117	197	217	242	242	167	169	203	203	155	185	165	165	188	188	392	396	191	191	390	422	422	438	159	161	236	239	399	403	231	234	392	424	323	331	272	272	253	253	384	400	379	427
SAR381	7	106	109	221	225	121	125	140	142	362	374	117	135	219	219	242	242	167	169	206	209	173	185	165	165	190	191	392	403	194	194	390	390	426	434	161	161	239	239	395	418	237	240	360	380	323	338	269	269	253	256	378	392	383	395
SAR383	6	109	112	193	221	117	121	130	142	362	362	117	117	197	215	242	242	161	161	206	209	173	181	165	165	188	188	392	404	188	194	389	418	434	458	161	161	239	239	395	403	240	240	372	388	303	359	269	275	256	256	376	392	407	415
S5AR008	3	109	112	185	221	121	121	140	140	350	398	129	141	199	203	242	251	161	169	206	206	165	167	165	165	188	188	403	403	182	197	377	390	442	450	161	161	239	239	403	403	231	231	388	400	335	335	278	284	250	250	0	0	407	407
S5AR009	3	109	112	201	229	121	121	128	140	357	358	117	133	211	211	242	251	161	169	206	206	167	177	165	165	188	188	426	426	182	197	378	394	434	442	161	161	239	242	403	403	237	237	368	396	319	331	281	284	250	259	366	386	411	431
S5AR010.1	3	109	112	233	241	121	121	128	130	0	0	131	135	207	209	242	242	169	171	206	206	165	187	165	165	188	188	396	404	197	197	390	402	446	462	159	161	239	239	387	399	231	231	388	400	319	331	272	284	250	250	378	386	407	443
S5AR010.2	3	112	112	221	225	117	121	130	138	0	0	123	129	207	207	248	257	161	161	206	206	165	167	165	165	188	188	0	0	197	197	390	394	434	450	161	161	239	239	387	403	231	237	384	408	327	331	284	284	250	250	366	374	407	407
S5AR011	3	109	109	201	229	121	121	128	144	378	398	117	133	207	207	242	242	169	169	206	206	173	187	165	165	188	188	396	426	182	197	386	406	450	470	161	161	239	239	403	407	237	243	388	400	319	327	281	287	250	250	386	386	411	415
S5AR012	3	109	112	185	233	117	121	140	146	353	394	133	145	207	207	242	257	165	169	206	206	165	165	165	165	188	188	426	426	182	182	389	416	442	470	161	161	239	239	371	399	231	237	380	420	319	335	284	309	250	250	390	390	403	415
S5AR013	3	109	109	205	209	117	121	138	142	394	398	117	123	207	209	248	251	169	171	206	206	167	167	165	165	188	188	0	0	197	200	386	402	450	458	161	161	239	239	395	403	237	237	348	396	331	343	275	284	250	250	378	378	407	407
S5AR030	3	112	112	185	221	121	131	128	132	350	358	145	145	207	207	248	251	159	161	206	206	165	165	165	173	188	188	0	0	197	197	390	394	430	454	161	161	239	239	391	395	231	231	376	412	327	331	272	275	250	250	378	378	423	423
S5AR031	3	109	112	185	213	121	121	128	134	350	370	117	145	207	207	242	248	161	165	206	206	165	179	165	165	188	188	0	0	197	197	390	390	454	458	161	161	239	239	391	399	237	240	376	404	323	327	272	287	250	256	382	386	407	423
S5AR032	3	109	112	201	229	121	121	128	128	349	349	131	149	207	211	242	242	165	169	206	206	165	179	165	165	188	188	0	0	197	197	398	422	450	454	161	161	239	242	387	395	231	237	380	392	331	335	275	281	250	250	374	388	411	427
S5AR033	3	112	112	217	237	121	129	128	134	353	357	123	129	207	207	242	242	165	169	206	206	165	179	165	165	188	188	396	396	182	200	377	394	442	442	161	161	239	239	391	395	231	237	376	392	343	343	272	278	250	250	398	398	407	415
S5AR034	3	112	112	205	217	121	129	128	140	354	394	123	145	199	207	248	251	169	169	206	206	165	167	165	165	188	188	0	0	182	197	382	402	422	454	159	161	239	239	395	426	234	237	356	396	311	339	278	281	250	250	382	390	411	411
T5W510432	2	112	112	225	241	129	129	138	138	382	382	117	117	207	207	251	251	169	169	206	206	165	165	165	165	188	188	392	400	197	197	422	426	466	466	161	161	239	239	403	403	237	237	384	384	343	343	278	278	250	250	398	398	0	0
T5W510433	2	109	112	217	233	129	129	144	144	374	374	117	117	203	207	251	251	169	169	206	206	165	165	165	165	188	188	396	400	197	197	422	426	0	0	161	161	239	239	395	411	237	237	408	420	327	339	278	278	250	250	386	390	0	0
T5W510439	2	109	112	229	237	129	129	138	148	370	374	117	117	207	207	245	251	165	169	206	206	165	165	165	165	188	188	400	400	197	197	402	422	454	474	161	161	239	239	407	411	237	240	372	404	335	339	275	278	250	250	394	394	415	415
T5W510440	2	109	109	225	229	129	129	138	148	374	374	117	117	203	207	245	254	169	169	206	206	165	165	165	165	188	188	396	400	197	197	390	406	450	482	161	161	239	239	399	399	231	237	404	408	335	335	275	278	250	256	386	386	415	419
T5W510442	2	109	109	217	221	121	133	130	138	350	357	135	141	207	211	242	242	169	169	206	206	165	167	165	165	188	188	418	422	197	197	382	406	454	462	161	161	239	239	387	395	231	234	388	424	331	339	275	284	250	250	374	374	423	435
T5W510450	10	112	112	225	229	121	121	138	138	342	378	133	135	203	205	248	251	165	167	212	223	181	187	165	165	188	190	400	400	191	197	386	397	422	434	161	161	239	239	395	443	227	227	344	368	319	335	269	272	250	250	380	380	387	411
T5W510461	6	109	112	193	197	117	125	132	132	362	366	117	117	197	215	242	242	159	161	203	203	155	185	165	165	190	190	396	400	194	194	393	398	434	446	159	161	239	239	383	395	231	231	368	400	323	327	275	275	253	253	378	380	395	407
T5W510491	5	109	112	201	205	121	123	138	140	374	406	117	139	207	207	242	251	169	173	206	209	165	165	165	165	188	188	418	418	0	0	394	406	442	450	161	161	239	239	403	407	237	237	392	392	315	327	275	299	250	250	378	394	407	419
T5W510518	6	106	112	185	197	121	125	132	142	370	370	117	133	215	215	239	242	163	169	206	206	165	185	165	165	188	190	400	418	179	194	382	390	426	438	161	161	239	239	399	434	231	231	376	396	331	335	275	275	253	253	392	392	379	379
T5W591345	6	109	109	225	229	121	121	134	138	366	378	117	133	197	197	242	242	169	169	206	209	173	185	165	165	188	188	404	422	194	197	377	401	430	442	161	161	239	239	395	426	231	234	368	380	323	342	272	275	253	253	384	392	399	411
T5W591495	6	109	112	225	225	125	125	130	138	362	370	133	133	213	215	242	242	161	167	206	209	173	185	165	165	188	188	396	400	188	194	389	390	446	458	161	161	239	239	391	403	240	240	376	400	323	327	269	269	256	259	378	378	391	395
T5W591497	3	109	109	185	233	121	121	128	134	358	390	123	129	207	207	242	251	165	171	206	206	165	167	165	165	188	188	0	0	182	185	386	386	450	462	161	161	239	239	391	407	234	237	392	420	331	335	275	281	250	250	370	370	407	407
T5W591500	3	109	112	185	237	117	121	128	128	361	394	117	133	203	207	242	251	165	165	206	206	165	165	165	165	188	188	414	414	197	200	386	422	446	470	161	161	239	239	387	399	237	240	368	400	347	347	278	290	250	250	382	382	415	423
T5W591501	3	112	112	217	233	117	121	134	138	362	370	123	133	199	203	248	248	165	169	206	206	165	187	165	165	188	190	414	414	182	197	389	422	450	470	161	161	239	239	391	403	231	237	400	408	319	331	284	290	250	250	376	382	422	423
T5W592573	3	109	109	185	225	121	121	134	144	350	354	117	135	199	207	242	251	169	171	206	206	167	177	165	165	188	188	392	392	182	197	394	406	438	446	161	161	239	239	387	399	237	237	364	404	315	327	272	281	250	250	380	380	407	439
T5W592574	6	109	109	193	197	117	125	132	138	354	366	135	137	197	215	242	242	161	169	206	206	173	181	165	167	188	190	388	396	191	194	385	385	434	442	159	161	239	239	391	395	231	231	388	392	323	331	272	278	253	271	370	384	399	415
T5W592575	6	109	109	185	197	121	121	134	140	362	366	135	135	197	215	239	239	169	169	206	206	183	185	165	165	188	188	392	426	194	197	389	393	434	438	159	161	236	239	375	391	231	234	372	392	315	323	272	272	253	256	370	384	387	411
T5W593505	1	109	109	213	241	117	121	140	142	354	374	117	117	199	207	242	251	151	169	206	206	165	167	165	165	188	188	408	418	197	197	390	405	442	446	161	161	239	239	395	395	231	237	380	408	315	339	272	287	250	250	390	394	407	427
T5W593559	6	103	109	185	185	125	125	134	138	362	370	117	117	199	215	239	242	161	169	203	209	155	173	165	167	188	188	396	404	194	194	405	405	414	430	161	161	236	239	395	403	231	240	372	396	323	331	275	275	256	256	374	396	379	407
T5W594831	6	109	112	217	221	121	121	120	140	357	362	117	137	215	221	242	260	163	169	203	206	155	165	165	167	188	188	396	408	194	197	390	390	430	446	161	161	239	239	395	403	237	240	380	380	327	327	272	278	253	256	366	384	403	418
TJH2839	10	112	112	189	213	115	125	138	138	342	366	117	139	203	205	242	242	159	165	206	215	155	155	165	167	190	190	396	396	197	200	382	390	434	442	161	163	239	239	391	399	227	234	376	392	315	323	269	281	250	250	364	374	375	391
TJH2840	10	112	112	225	229	117	125	132	138	342	366	117	133	205	211	245	248	161	163	206	209	165	189	165	165	188	189	392	400	197	197	382	416	422	442	161	161	239	239	391	391	227	227	388	396	311	315	260	275	250	250	374	386	407	407
TJH2846	10	112	112	197	217	125	125	144	146	362	366	131	133	197	205	245	248	161	169	209	220	155	189	165	165	188	188	396	415	200	200	374	374	430	434	161	161	239	239	395	395	231	231	348	380	331	373	260	260	250	250	366	370	402	403
TJH2880	9	109	112	217	241	121	121	112	136	362	369	117	139	199	199	245	245	159	159	206	209	165	175	165	165	190	190	392	395	194	200	385	389	430	430	159	161	239	239	387	399	231	231	388	388	319	327	281	281	250	250	372	380	375	399
TJH2918	9	109	109	197	229	117	117	130	136	354	370	117	117	201	203	242	242	159	159	206	218	165	175	165	171	188	190	396	396	197	200	393	397	454	454	159	159	239	242	387	387	231	234	384	384	319	327	266	281	250	265	376	382	375	423
TJH2927	9	103	112	217	241	121	121	130	138	365	370	137	143	203	203	245	245	159	165	206	215	185	189	165	165	190	190	392	395	194	200	385	397	434	434	161	161	239	239	385	398	231	234	376	392	319	319	281	287	250	250	370	384	399	411
TJH2939	9	109	112	185	233	121	121	144	144	358	365	117	117	197	207	242	245	159	159	206	206	165	177	165	165	190	190	395	410	197	200	389	393	470	470	159	161	239	242	387	391	231	231	376	376	315	330	266	278	250	250	376	384	379	419
TJH2963	8	109	109	185	221	117	125	132	132	346	350	117	117	197	197	242	242	169	173	206	206	155	165	165	167	188	188	400	422	194	194	374	393	426	454	161	161	0	0	379	387	231	234	388	400	319	323	272	281	250	250	374	388	375	407
TJH2966	8	109	109	221	221	125	125	132	138	346	362	117	117	197	197	242	242	163	169	206	209	165	165	165	165	188	193	396	418	197	200	390	401	430	446	159	161	239	239	395	395	231	231	388	396	327	361	269	269	244	247	374	374	391	407
TJH2971	8	109	109	185	225	117	125	134	136	362	362	143	143	197	203	242	242	163	181	206	206	165	171	165	167	188	188	388	410	191	203	389	401	438	438	161	163	239	239	391	395	231	231	360	392	323	365	269	269	244	268	374	374	375	407
TJH2975	8	109	109	185	185	121	121	130	132	354	362	117	117	197	197	248	248	161	169	209	209	177	177	167	169	185	188	388	418	200	200	378	401	426	442	161	161	239	239	395	422	231	234	376	392	315	315	272	275	250	250	378	378	399	411
TJH2984	8	109	109	225	225	117	130	132	138	378	378	117	117	197	223	242	251	169	169	206	209	165	165	165	165	188	188	396	408	194	200	382	393	430	438	161	161	239	239	383	387	231	234	376	396	315	315	269	269	250	265	374	374	407	415
TJH2991	8	109	109	185	185	117	125	132	136	362	366	133	135	197	197	248	251	161	169	206	206	165	177	165	165	188	188	388	396	194	203	390	397	434	450	161	161	239	239	395	418	231	234	388	396	335	365	272	281	244	250	381	388	419	419
TJH2993	8	109	109	185	213	125	125	130	144	346	374	117	135	197	197	242	242	161	163	206	206	155	177	165	167	188	190	396	396	194	206	378	397	430	442	161	161	239	239	399	399	234	234	372	400	323	323	269	269	250	265	0	0	383	383
TJH2994	8	109	109	217	225	125	125	128	138	346	370	117	143	197	203	242	245	161	169	206	206	155	175	165	165	188	188	392	403	194	194	378	394	426	450	159	161	239	239	383	418	234	237	400	408	319	377	272	272	265	265	369	369	375	399
TJH3000	8	103	109	213	221	121	125	134	140	370	378	117	143	197	213	239	248	161	169	206	206	155	155	165	167	191	193	396	400	194	200	389	401	446	454	161	161	239	239	379	418	231	231	384	396	365	373	266	269	250	274	378	378	391	403
TJH3007	8	109	109	185	185	117	117	134	144	350	358	117	117	197	201	242	242	161	161	206	206	155	189	165	167	188	188	392	400	200	200	398	398	446	454	161	163	239	239	387	403	231	237	384	388	319	331	272	284	250	274	374	374	403	403
TJH3011	8	103	109	185	185	121	130	130	138	346	350	133	137	197	197	242	242	161	163	206	206	165	165	165	165	188	191	388	392	197	200	374	397	430	434	161	161	239	239	399	403	231	237	360	396	327	357	269	272	247	250	378	378	395	407
TJH3012	8	109	109	185	185	121	125	132	136	362	366	117	117	197	197	242	245	163	173	206	206	165	165	165	165	188	191	392	426	200	200	374	397	434	434	159	161	239	239	387	403	234	234	388	388	323	327	266	269	250	250	378	388	391	407
TJH3019	8	109	109	185	185	117	125	130	132	354	354	117	133	197	197	242	242	163	169	206	206	155	177	167	167	185	188	396	396	194	203	371	371	422	426	161	161	239	239	395	395	231	231	388	392	331	331	269	272	250	250	373	373	379	415
TJH3020	8	109	109	217	221	125	130	136	136	362	362	117	117	197	197	242	248	161	169	206	206	165	167	165	167	191	191	388	404	194	209	378	394	426	458	159	161	239	239	379	395	231	234	380	380	323	365	269	272	244	250	377	377	391	419
TJH3025	8	103	109	185	185	119	121	132	132	350	362	117	133	197	203	242	242	161	169	206	209	155	155	169	169	188	191	392	404	200	209	371	371	438	458	161	163	239	239	387	387	231	234	360	392	319	323	272	272	265	271	378	385	403	419
TJH3030	8	109	109	185	185	125	125	132	138	354	378	127	139	197	203	242	242	161	161	206	209	165	165	165	165	188	191	392	396	194	200	378	397	438	446	161	161	239	239	383	387	231	231	380	388	323	373	269	272	250	268	370	370	411	427
TJH3033	8	109	109	185	185	121	125	130	130	350	366	117	117	197	197	242	242	163	173	206	209	155	171	165	167	185	185	392	392	197	200	393	397	426	438	161	161	239	239	399	399	231	234	388	396	323	327	269	281	244	262	369	393	403	407
TJH3038	8	103	109	185	185	117	117	134	142	346	362	117	137	197	203	242	248	161	161	206	206	177	189	165	165	188	191	392	392	194	200	394	406	470	470	161	161	239	239	426	430	231	234	372	384	307	381	269	275	250	268	366	389	415	415
TJH787	6	109	112	193	221	125	125	132	148	0	0	117	133	213	213	242	242	159	167	206	206	173	175	165	165	188	191	0	0	191	197	0	0	0	0	161	161	239	239	0	0	234	234	0	0	327	327	266	266	253	253	0	0	0	0
TJH789	7	109	112	185	217	121	125	138	144	0	0	117	117	197	197	242	242	159	167	206	206	173	173	165	165	188	188	0	0	0	0	0	0	0	0	159	161	239	239	0	0	234	240	0	0	315	327	272	275	253	256	385	388	0	0
TX1201	9	103	103	197	221	121	121	112	138	354	366	117	139	197	203	242	245	163	163	206	215	183	185	165	171	190	190	395	415	194	200	393	415	430	430	159	161	239	239	395	395	231	231	372	388	319	319	269	281	250	250	363	378	371	399
TX2011012	10	112	112	197	221	121	121	136	138	346	362	133	133	205	205	245	245	161	161	215	220	155	177	165	165	189	190	384	396	197	200	385	394	422	430	161	161	0	0	387	387	231	234	380	380	369	369	269	275	250	250	366	376	415	415
TX2011241	10	112	112	213	241	121	125	132	134	366	370	117	139	197	199	248	248	161	163	209	209	155	181	165	165	190	191	400	423	197	197	367	385	438	442	161	161	239	239	391	391	234	234	380	392	315	323	260	260	250	274	363	368	387	391
TX2011252	8	109	109	185	225	117	125	132	132	350	365	117	147	197	207	242	242	161	161	206	209	165	165	165	165	185	188	388	396	203	206	386	405	434	446	159	161	239	239	466	466	231	234	388	396	323	369	269	272	244	250	372	372	399	399
TX2011253	8	109	109	217	221	117	125	132	138	346	354	117	117	197	197	242	251	163	167	206	209	165	165	165	167	188	193	396	400	194	197	374	378	426	442	159	159	239	239	387	391	231	234	388	388	319	323	281	281	250	250	379	379	403	407
TX2011285	9	103	103	185	233	121	123	136	140	366	378	139	143	197	205	245	245	159	159	206	206	155	165	165	165	190	190	395	395	194	197	397	397	470	470	161	161	239	242	393	395	231	231	370	376	315	345	278	278	250	250	374	380	395	395
TX2011286	9	109	112	225	233	121	123	130	138	361	362	117	117	197	197	239	242	159	165	206	206	155	165	165	165	190	190	388	395	194	197	390	402	430	470	159	161	239	239	390	395	234	234	376	384	323	327	278	278	250	250	380	380	395	419
TX2011287	9	109	112	221	233	121	123	140	144	354	366	117	117	197	199	242	245	159	159	206	206	165	175	165	165	188	190	395	396	197	200	397	402	422	466	159	159	239	239	387	393	231	234	348	380	319	319	278	281	250	268	355	376	375	391
