1763237646
1763237717
1763237889
1763238347
1763238348
1763238348
1763238348
1763238348
1763238348
1763238348
1763238348
1763238348
1763238348
1763238348
1763238348
1763238348
1763238348
1763238348
1763238348
1763238348
1763238348
1763238348
1763238348
1763238348
1763238348
1763238348
1763238348
1763238348
1763238348
1763238348
1763238348
1763238348
1763238348
1763238348
1763238348
1763238348
1763238348
1763238348
1763238348
1763238348
1763238348
1763238348
1763238348
1763238348
1763238348
1763238348
1763238348
1763238348
1763238348
1763238348
1763238348
1763238348
1763238348
1763238589
1763238589
1763238589
1763238589
1763238589
1763238589
1763238589
1763238589
1763238589
1763238589
1763238589
1763238589
1763238589
1763238589
1763238589
1763238589
1763238589
1763238589
1763238589
1763238589
1763238589
1763238589
1763238589
1763238589
1763238589
1763238589
1763238589
1763238589
1763238589
1763238589
1763238589
1763238589
1763238589
1763238589
1763238589
1763238589
1763238589
1763238589
1763238589
1763238589
1763238589
1763238589
1763238589
1763238589
1763238589
1763238589
1763238589
1763238589
1763238589
1763238589
1763238614
1763238614
1763238614
1763238614
1763238614
1763238614
1763238614
1763238614
1763238614
1763238614
1763238614
1763238614
1763238614
1763238614
1763238614
1763238614
1763238614
1763238614
1763238614
1763238614
1763238614
1763238614
1763238614
1763238614
1763238614
1763238614
1763238614
1763238614
1763238614
1763238614
1763238614
1763238614
1763238614
1763238614
1763238614
1763238614
1763238614
1763238614
1763238614
1763238614
1763238614
1763238614
1763238614
1763238614
1763238614
1763238614
1763238614
1763238614
1763238614
1763238614
1763238797
1763239795
1763239795
1763239795
1763239795
1763239795
1763239795
1763240904
1763240904
1763240904
1763240904
1763240904
1763240904
1763241019
1763241019
1763241019
1763241019
1763241019
1763241019
1763241019
1763241019
1763241019
1763241020
1763241020
1763241020
1763241020
1763241020
1763241020
1763241020
1763241020
1763241020
1763241020
1763241020
1763241020
1763241020
1763241020
1763241020
1763241020
1763241020
1763241020
1763241020
1763241020
1763241020
1763241020
1763241020
1763241020
1763241020
1763241020
1763241020
1763241020
1763241020
1763241020
1763241020
1763241020
1763241020
1763241020
1763241020
1763241020
1763241020
1763241020
1763241020
1763241020
1763241020
1763242398
1763242398
1763242398
1763242398
1763242398
1763242398
1763242398
1763242398
1763242398
1763242398
1763242398
1763242398
1763242398
1763242398
1763242398
1763242398
1763242398
1763242398
1763242398
1763242398
1763242398
1763242398
1763242398
1763242398
1763242398
1763242398
1763242398
1763242398
1763242398
1763242398
1763242398
1763242398
1763242398
1763242398
1763242398
1763242398
1763242398
1763242398
1763242398
1763242398
1763242398
1763242398
1763242398
1763242398
1763242398
1763242398
1763242398
1763242398
1763242398
1763242398
1763244855
1763244918
1763245006
1763245007
1763245008
1763245009
1763246013
1763246014
1763246017
1763246022
1763247019
1763247531
1763247553
1763247641
1763248522
1763249048
1763249648
1763249731
1763250687
1763251152
1763251709
1763252478
1763253391
1763253844
1763254478
1763255240
1763256744
1763257192
1763257796
1763258665
1763260022
1763261346
1763261969
1763262817
1763264295
1763265538
1763267025
1763268154
1763269216
1763270541
1763271902
1763274009
1763275053
1763276220
1763277886
1763280028
1763281799
1763283219
1763284851
1763286943
1763288615
1763291421
